0 0.191016 0.088889 0.021094 0.052778
0 0.248828 0.054167 0.041406 0.047222
0 0.409766 0.019444 0.033594 0.036111
0 0.296094 0.227083 0.028125 0.059722
0 0.326172 0.484028 0.025781 0.065278
0 0.374219 0.558333 0.032812 0.072222
0 0.405469 0.619444 0.025000 0.061111
0 0.433594 0.362500 0.028125 0.044444
0 0.463281 0.385417 0.017188 0.034722
0 0.520703 0.186111 0.022656 0.047222
0 0.595703 0.240278 0.058594 0.050000
0 0.736328 0.080556 0.027344 0.055556
0 0.772656 0.050694 0.031250 0.062500
0 0.894531 0.188889 0.026563 0.066667
0 0.929297 0.238889 0.041406 0.075000
0 0.990234 0.670833 0.019531 0.136111
0 0.878125 0.457639 0.032812 0.037500
0 0.864453 0.526389 0.028906 0.052778
0 0.819531 0.733333 0.057813 0.052778
0 0.841406 0.872222 0.076563 0.094444
0 0.692187 0.577083 0.029687 0.051389
0 0.743750 0.594444 0.073437 0.086111
0 0.630859 0.577778 0.027344 0.038889
0 0.619141 0.545833 0.032031 0.050000
0 0.635547 0.450000 0.024219 0.050000
0 0.613281 0.486111 0.028125 0.047222
0 0.576563 0.497917 0.020312 0.037500
0 0.600781 0.672222 0.037500 0.061111
0 0.607813 0.855556 0.035937 0.058333
0 0.246875 0.539583 0.029687 0.040278
0 0.197656 0.589583 0.025000 0.054167
0 0.156250 0.645833 0.032812 0.058333
0 0.071094 0.525000 0.021875 0.044444
0 0.016797 0.659028 0.033594 0.051389
0 0.192188 0.912500 0.037500 0.075000
0 0.292578 0.924306 0.028906 0.059722
0 0.246875 0.969444 0.051562 0.061111
