0 0.381250 0.099306 0.014062 0.034722
0 0.233203 0.133333 0.019531 0.033333
0 0.300781 0.329861 0.025000 0.037500
0 0.342187 0.360417 0.017188 0.051389
0 0.433594 0.360417 0.020312 0.031944
0 0.512891 0.016667 0.022656 0.025000
0 0.589844 0.074306 0.015625 0.040278
0 0.517969 0.160417 0.018750 0.040278
0 0.548828 0.204861 0.033594 0.037500
0 0.591797 0.229861 0.022656 0.037500
0 0.605469 0.272917 0.020312 0.034722
0 0.561719 0.283333 0.028125 0.022222
0 0.688281 0.178472 0.026563 0.026389
0 0.775000 0.131944 0.023438 0.044444
0 0.950000 0.079861 0.021875 0.045833
0 0.833984 0.177083 0.036719 0.048611
0 0.781641 0.291667 0.010156 0.025000
0 0.693750 0.147917 0.012500 0.026389
0 0.823047 0.386806 0.021094 0.029167
0 0.826563 0.427083 0.031250 0.031944
0 0.812500 0.496528 0.012500 0.020833
0 0.737891 0.488194 0.016406 0.020833
0 0.794531 0.583333 0.020312 0.030556
0 0.833984 0.605556 0.016406 0.025000
0 0.801562 0.691667 0.026563 0.038889
0 0.899609 0.895139 0.024219 0.054167
0 0.894141 0.845833 0.016406 0.027778
0 0.926172 0.793750 0.017969 0.048611
0 0.950781 0.825000 0.020312 0.038889
0 0.892187 0.770139 0.015625 0.034722
0 0.815625 0.826389 0.015625 0.033333
0 0.733203 0.740972 0.014844 0.034722
0 0.716406 0.854861 0.017188 0.037500
0 0.707031 0.677083 0.017188 0.037500
0 0.745313 0.671528 0.015625 0.026389
0 0.662891 0.563889 0.014844 0.041667
0 0.669922 0.659028 0.019531 0.034722
0 0.603516 0.800694 0.025781 0.037500
0 0.586328 0.917361 0.014844 0.037500
0 0.610156 0.974306 0.012500 0.043056
0 0.562891 0.825694 0.017969 0.037500
0 0.541406 0.850694 0.028125 0.056944
0 0.575781 0.690972 0.026563 0.043056
0 0.557031 0.608333 0.018750 0.044444
0 0.534766 0.659028 0.019531 0.043056
0 0.503125 0.677083 0.026563 0.043056
0 0.487109 0.511111 0.033594 0.050000
0 0.407422 0.630556 0.033594 0.050000
0 0.327344 0.481944 0.028125 0.038889
0 0.258594 0.425000 0.021875 0.036111
0 0.221484 0.605556 0.027344 0.047222
0 0.300781 0.666667 0.018750 0.033333
0 0.250781 0.693750 0.034375 0.051389
0 0.324219 0.863889 0.017188 0.030556
0 0.355078 0.837500 0.027344 0.052778
0 0.177734 0.618750 0.019531 0.026389
0 0.038281 0.856250 0.034375 0.051389
