0 0.158203 0.084722 0.027344 0.058333
0 0.201562 0.051389 0.026563 0.050000
0 0.219531 0.154861 0.031250 0.045833
0 0.375000 0.111111 0.073437 0.038889
0 0.608984 0.052083 0.035156 0.045833
0 0.693750 0.085417 0.031250 0.062500
0 0.620313 0.297222 0.031250 0.050000
0 0.530859 0.224306 0.028906 0.062500
0 0.529688 0.415278 0.048437 0.091667
0 0.468750 0.396528 0.045313 0.070833
0 0.378125 0.598611 0.040625 0.055556
0 0.289844 0.492361 0.029687 0.062500
0 0.219141 0.418056 0.025781 0.041667
0 0.170312 0.229861 0.028125 0.043056
0 0.020312 0.313194 0.040625 0.037500
0 0.057813 0.572222 0.021875 0.027778
0 0.042969 0.801389 0.039063 0.088889
0 0.106250 0.869444 0.020312 0.066667
0 0.121875 0.925000 0.029687 0.022222
0 0.228906 0.871528 0.025000 0.068056
0 0.623047 0.696528 0.052344 0.079167
0 0.744922 0.493056 0.019531 0.055556
0 0.750000 0.562500 0.035937 0.044444
0 0.788672 0.485417 0.033594 0.068056
0 0.876562 0.511806 0.032812 0.051389
0 0.897266 0.608333 0.035156 0.055556
0 0.617969 0.952083 0.034375 0.065278
0 0.698828 0.917361 0.057031 0.106944
