0 0.073828 0.248611 0.019531 0.047222
0 0.198437 0.111806 0.032812 0.054167
0 0.262891 0.273611 0.013281 0.027778
0 0.288672 0.372917 0.013281 0.029167
0 0.260156 0.645833 0.018750 0.041667
0 0.200781 0.650000 0.018750 0.050000
0 0.154687 0.647222 0.023438 0.050000
0 0.057813 0.603472 0.032812 0.043056
0 0.046094 0.717361 0.023438 0.043056
0 0.104687 0.454861 0.025000 0.031944
0 0.164063 0.433333 0.025000 0.050000
0 0.400391 0.481944 0.032031 0.044444
0 0.385547 0.577083 0.017969 0.026389
0 0.439844 0.568750 0.020312 0.037500
0 0.432422 0.913889 0.027344 0.038889
0 0.562500 0.771528 0.017188 0.040278
0 0.510547 0.384028 0.016406 0.048611
0 0.533594 0.381250 0.015625 0.043056
0 0.621484 0.323611 0.021094 0.033333
0 0.612500 0.097222 0.018750 0.041667
0 0.469531 0.149306 0.014062 0.031944
0 0.433203 0.276389 0.028906 0.038889
0 0.696094 0.217361 0.023438 0.029167
0 0.666797 0.267361 0.024219 0.031944
0 0.690234 0.304167 0.017969 0.030556
0 0.732031 0.338194 0.021875 0.026389
0 0.773047 0.324306 0.019531 0.029167
0 0.841797 0.311111 0.019531 0.041667
0 0.758594 0.477778 0.015625 0.022222
0 0.660156 0.488889 0.020312 0.038889
0 0.672656 0.660417 0.012500 0.029167
0 0.669141 0.745833 0.017969 0.027778
0 0.673437 0.819444 0.017188 0.044444
0 0.698047 0.740972 0.017969 0.026389
0 0.708594 0.781944 0.021875 0.050000
0 0.785156 0.761111 0.014062 0.027778
0 0.853125 0.798611 0.020312 0.033333
0 0.875781 0.513889 0.018750 0.036111
0 0.829687 0.545139 0.031250 0.048611
0 0.775781 0.678472 0.025000 0.037500
0 0.820313 0.636806 0.018750 0.029167
0 0.766797 0.566667 0.013281 0.030556
0 0.507813 0.613889 0.018750 0.038889
