0 0.327734 0.110417 0.027344 0.056944
0 0.362891 0.186806 0.028906 0.054167
0 0.411328 0.310417 0.036719 0.070833
0 0.410156 0.404167 0.025000 0.047222
0 0.633984 0.121528 0.033594 0.051389
0 0.817969 0.043750 0.037500 0.076389
0 0.916406 0.329861 0.018750 0.040278
0 0.866016 0.429861 0.038281 0.068056
0 0.814453 0.378472 0.030469 0.062500
0 0.770703 0.373611 0.019531 0.047222
0 0.724609 0.441667 0.028906 0.058333
0 0.709375 0.668056 0.028125 0.055556
0 0.700000 0.791667 0.032812 0.075000
0 0.634375 0.828472 0.021875 0.056944
0 0.726563 0.857639 0.029687 0.051389
0 0.752344 0.763194 0.029687 0.048611
0 0.816797 0.745139 0.021094 0.048611
0 0.861719 0.734722 0.021875 0.055556
0 0.916797 0.781944 0.024219 0.055556
0 0.989453 0.794444 0.021094 0.061111
0 0.500391 0.468750 0.030469 0.054167
0 0.617578 0.431250 0.024219 0.043056
0 0.484375 0.564583 0.023438 0.037500
0 0.592969 0.427083 0.015625 0.034722
0 0.430859 0.597917 0.021094 0.037500
0 0.382422 0.711806 0.025781 0.043056
0 0.403516 0.811111 0.032031 0.072222
0 0.279687 0.833333 0.020312 0.038889
0 0.260156 0.806944 0.029687 0.025000
0 0.241016 0.738194 0.042969 0.056944
0 0.225781 0.425000 0.025000 0.033333
0 0.218750 0.320833 0.023438 0.022222
0 0.180859 0.315278 0.042969 0.036111
0 0.109375 0.543056 0.039063 0.077778
0 0.028906 0.591667 0.025000 0.050000
0 0.041016 0.895139 0.038281 0.062500
0 0.116016 0.931944 0.057031 0.069444
0 0.852344 0.977778 0.040625 0.022222
