0 0.491797 0.664583 0.030469 0.034722
0 0.632031 0.839583 0.025000 0.054167
0 0.763281 0.730556 0.035937 0.058333
0 0.442969 0.717361 0.035937 0.084722
0 0.348828 0.734028 0.033594 0.059722
0 0.280469 0.695833 0.028125 0.041667
0 0.378125 0.586806 0.029687 0.054167
0 0.238672 0.265972 0.028906 0.079167
0 0.215625 0.060417 0.023438 0.034722
0 0.287891 0.570139 0.025781 0.062500
0 0.350391 0.426389 0.017969 0.038889
0 0.594141 0.382639 0.025781 0.076389
0 0.156641 0.580556 0.028906 0.058333
0 0.192188 0.523611 0.037500 0.044444
0 0.267969 0.416667 0.035937 0.091667
0 0.306641 0.399306 0.028906 0.043056
0 0.333984 0.425694 0.022656 0.056944
0 0.442969 0.459722 0.023438 0.069444
0 0.414063 0.417361 0.018750 0.043056
0 0.382031 0.372917 0.029687 0.034722
0 0.391406 0.336806 0.025000 0.031944
0 0.411719 0.625000 0.028125 0.058333
