0 0.341797 0.502083 0.025781 0.054167
0 0.287891 0.693056 0.022656 0.047222
0 0.356250 0.730556 0.023438 0.058333
0 0.447266 0.720139 0.022656 0.073611
0 0.487500 0.701389 0.032812 0.061111
0 0.623828 0.847222 0.021094 0.055556
0 0.756250 0.925000 0.026563 0.033333
0 0.657031 0.537500 0.031250 0.069444
0 0.600781 0.387500 0.025000 0.080556
0 0.239844 0.233333 0.037500 0.038889
0 0.274609 0.070833 0.017969 0.036111
0 0.257031 0.140972 0.037500 0.079167
0 0.287109 0.270139 0.019531 0.045833
0 0.339063 0.429167 0.020312 0.058333
0 0.362891 0.427083 0.017969 0.048611
0 0.167578 0.593056 0.035156 0.072222
0 0.375000 0.568750 0.029687 0.043056
