0 0.144531 0.937500 0.025000 0.058333
0 0.505078 0.645833 0.024219 0.058333
0 0.284375 0.680556 0.028125 0.041667
0 0.621484 0.838194 0.019531 0.056944
0 0.744531 0.904861 0.018750 0.045833
0 0.596484 0.373611 0.014844 0.058333
0 0.646875 0.489583 0.021875 0.045833
0 0.657812 0.522917 0.029687 0.045833
0 0.364453 0.420833 0.024219 0.052778
0 0.371875 0.558333 0.034375 0.061111
0 0.355469 0.718750 0.031250 0.056944
0 0.437109 0.725694 0.022656 0.048611
0 0.450000 0.690972 0.023438 0.048611
0 0.284766 0.258333 0.025781 0.052778
0 0.232422 0.201389 0.024219 0.041667
0 0.269922 0.068750 0.022656 0.031944
0 0.337500 0.475000 0.021875 0.050000
