0 0.369531 0.546528 0.028125 0.040278
0 0.353516 0.718750 0.019531 0.045833
0 0.287500 0.683333 0.025000 0.066667
0 0.125781 0.884722 0.026563 0.063889
0 0.736328 0.958333 0.028906 0.066667
0 0.626562 0.827083 0.020312 0.065278
0 0.649219 0.485417 0.025000 0.031944
0 0.657031 0.531250 0.031250 0.043056
0 0.447656 0.415278 0.018750 0.061111
0 0.421875 0.410417 0.029687 0.059722
0 0.269141 0.063889 0.019531 0.041667
0 0.247266 0.204861 0.024219 0.054167
0 0.168750 0.570833 0.039063 0.066667
0 0.250781 0.106250 0.031250 0.056944
0 0.504687 0.624306 0.023438 0.040278
0 0.454688 0.688889 0.029687 0.052778
0 0.435156 0.730556 0.015625 0.058333
0 0.342187 0.472917 0.026563 0.045833
0 0.601953 0.372222 0.028906 0.066667
0 0.363281 0.413889 0.018750 0.036111
