0 0.089062 0.747917 0.026563 0.054167
0 0.285156 0.674306 0.031250 0.070833
0 0.351953 0.718750 0.033594 0.079167
0 0.483203 0.631250 0.027344 0.070833
0 0.619531 0.829861 0.020312 0.045833
0 0.727734 0.940972 0.033594 0.048611
0 0.648438 0.483333 0.026563 0.047222
0 0.598437 0.366667 0.029687 0.055556
0 0.657422 0.527083 0.025781 0.029167
0 0.449219 0.679861 0.021875 0.068056
0 0.439453 0.733333 0.027344 0.058333
0 0.367578 0.529167 0.032031 0.044444
0 0.359766 0.400694 0.021094 0.048611
0 0.351172 0.456944 0.027344 0.052778
0 0.277344 0.068056 0.018750 0.050000
0 0.249219 0.194444 0.025000 0.038889
