0 0.025391 0.300694 0.050781 0.079167
0 0.045703 0.395833 0.041406 0.072222
0 0.058594 0.129861 0.046875 0.062500
0 0.041797 0.054167 0.033594 0.025000
0 0.111328 0.167361 0.021094 0.068056
0 0.089062 0.215972 0.042188 0.073611
0 0.166406 0.450000 0.042188 0.083333
0 0.178906 0.263889 0.028125 0.072222
0 0.214453 0.072222 0.042969 0.069444
0 0.114844 0.760417 0.028125 0.093056
0 0.008203 0.593750 0.016406 0.045833
0 0.051953 0.947222 0.039844 0.052778
0 0.241406 0.902778 0.039063 0.041667
0 0.281250 0.751389 0.028125 0.072222
0 0.245312 0.631944 0.029687 0.075000
0 0.331250 0.536111 0.039063 0.066667
0 0.327344 0.450694 0.029687 0.068056
0 0.391406 0.584028 0.031250 0.056944
0 0.372656 0.667361 0.031250 0.079167
0 0.344141 0.624306 0.032031 0.056944
0 0.405469 0.889583 0.035937 0.087500
0 0.375781 0.165278 0.043750 0.097222
0 0.368359 0.032639 0.032031 0.062500
0 0.401563 0.027083 0.032812 0.051389
0 0.325781 0.023611 0.029687 0.044444
0 0.494531 0.331944 0.040625 0.066667
0 0.502344 0.409028 0.032812 0.059722
0 0.570313 0.347917 0.037500 0.068056
0 0.534375 0.120833 0.040625 0.063889
0 0.523828 0.047222 0.044531 0.080556
0 0.599219 0.165278 0.042188 0.063889
0 0.618750 0.120833 0.025000 0.052778
0 0.608203 0.070833 0.032031 0.047222
0 0.622656 0.025000 0.029687 0.047222
0 0.585156 0.025694 0.023438 0.034722
0 0.696875 0.043750 0.039063 0.037500
0 0.906250 0.050694 0.040625 0.073611
0 0.817969 0.495139 0.026563 0.068056
0 0.885156 0.615972 0.040625 0.081944
0 0.971484 0.873611 0.025781 0.108333
0 0.935547 0.944444 0.042969 0.061111
0 0.684375 0.727083 0.037500 0.056944
0 0.600391 0.516667 0.058594 0.072222
0 0.528516 0.881250 0.041406 0.048611
