0 0.356641 0.400694 0.047656 0.131944
0 0.432813 0.345833 0.046875 0.113889
0 0.428125 0.084028 0.032812 0.095833
0 0.337891 0.146528 0.036719 0.073611
0 0.186719 0.101389 0.037500 0.088889
0 0.171094 0.623611 0.065625 0.097222
0 0.484375 0.427778 0.050000 0.105556
0 0.691016 0.244444 0.036719 0.086111
0 0.723828 0.329167 0.025781 0.077778
0 0.743359 0.388889 0.022656 0.072222
0 0.773438 0.281944 0.025000 0.075000
0 0.816016 0.112500 0.053906 0.086111
0 0.810938 0.579167 0.046875 0.105556
0 0.750781 0.619444 0.031250 0.055556
0 0.778906 0.699306 0.025000 0.095833
