0 0.132031 0.118750 0.035937 0.073611
0 0.128516 0.215972 0.032031 0.070833
0 0.297656 0.136111 0.028125 0.055556
0 0.430469 0.195139 0.025000 0.065278
0 0.654688 0.235417 0.032812 0.068056
0 0.667578 0.456250 0.025781 0.051389
0 0.726172 0.407639 0.038281 0.054167
0 0.855078 0.529861 0.058594 0.068056
0 0.813672 0.155556 0.042969 0.080556
0 0.816406 0.298611 0.035937 0.069444
0 0.844922 0.295139 0.016406 0.051389
0 0.907422 0.313889 0.041406 0.077778
0 0.471094 0.093056 0.020312 0.061111
0 0.488281 0.051389 0.020312 0.050000
0 0.480469 0.024306 0.018750 0.031944
0 0.512891 0.015972 0.019531 0.026389
0 0.546094 0.182639 0.017188 0.065278
0 0.367969 0.905556 0.039063 0.080556
0 0.073437 0.365972 0.026563 0.076389
