0 0.860547 0.778472 0.050781 0.104167
0 0.888672 0.671528 0.046094 0.109722
0 0.815625 0.452083 0.042188 0.065278
0 0.749609 0.328472 0.024219 0.045833
0 0.620313 0.579167 0.037500 0.083333
0 0.662109 0.865278 0.032031 0.097222
0 0.463281 0.750000 0.037500 0.058333
0 0.344531 0.727083 0.051562 0.056944
0 0.248047 0.881944 0.030469 0.080556
0 0.200000 0.967361 0.035937 0.054167
0 0.201172 0.901389 0.035156 0.055556
0 0.197656 0.843750 0.034375 0.059722
0 0.187891 0.758333 0.030469 0.061111
0 0.060938 0.598611 0.028125 0.066667
0 0.102344 0.339583 0.029687 0.051389
0 0.106641 0.286806 0.036719 0.065278
0 0.275391 0.321528 0.033594 0.073611
0 0.268359 0.402778 0.024219 0.055556
0 0.288672 0.478472 0.021094 0.054167
0 0.316797 0.540972 0.025781 0.051389
0 0.308594 0.468750 0.021875 0.056944
0 0.197266 0.502083 0.027344 0.068056
0 0.216797 0.621528 0.024219 0.068056
0 0.326562 0.040278 0.051562 0.052778
0 0.124219 0.133333 0.037500 0.044444
0 0.054297 0.044444 0.032031 0.052778
0 0.535547 0.040278 0.035156 0.069444
0 0.517187 0.229861 0.046875 0.084722
0 0.555859 0.389583 0.038281 0.087500
0 0.431250 0.278472 0.040625 0.081944
0 0.428516 0.190278 0.033594 0.069444
