0 0.162109 0.293056 0.035156 0.075000
0 0.126563 0.360417 0.032812 0.065278
0 0.117969 0.272222 0.029687 0.055556
0 0.101563 0.188889 0.031250 0.052778
0 0.049609 0.136806 0.030469 0.054167
0 0.085547 0.431250 0.035156 0.093056
0 0.101563 0.522917 0.050000 0.051389
0 0.017578 0.547222 0.035156 0.080556
0 0.055859 0.784722 0.032031 0.075000
0 0.173828 0.880556 0.032031 0.066667
0 0.215625 0.568750 0.031250 0.120833
0 0.239063 0.388194 0.020312 0.079167
0 0.269922 0.209722 0.024219 0.075000
0 0.184766 0.086806 0.030469 0.079167
0 0.314844 0.784028 0.035937 0.093056
0 0.341016 0.890278 0.047656 0.063889
0 0.435547 0.824306 0.027344 0.056944
0 0.407422 0.766667 0.030469 0.044444
0 0.432422 0.717361 0.025781 0.048611
0 0.394141 0.677083 0.036719 0.084722
0 0.381641 0.574306 0.039844 0.087500
0 0.438672 0.293750 0.055469 0.090278
0 0.421094 0.136111 0.031250 0.100000
0 0.381641 0.115278 0.038281 0.091667
0 0.346484 0.085417 0.033594 0.076389
0 0.298047 0.032639 0.033594 0.048611
0 0.540234 0.037500 0.032031 0.052778
0 0.562891 0.099306 0.033594 0.059722
0 0.536328 0.089583 0.036719 0.051389
0 0.586328 0.180556 0.042969 0.055556
0 0.593359 0.215278 0.030469 0.047222
0 0.603516 0.261111 0.044531 0.086111
0 0.666406 0.301389 0.042188 0.080556
0 0.561719 0.473611 0.039063 0.055556
0 0.562891 0.541667 0.028906 0.061111
0 0.633984 0.474306 0.032031 0.079167
0 0.608984 0.842361 0.027344 0.070833
0 0.687109 0.673611 0.035156 0.091667
0 0.761328 0.903472 0.033594 0.070833
0 0.900000 0.637500 0.028125 0.108333
0 0.971875 0.787500 0.032812 0.100000
0 0.766406 0.184028 0.042188 0.073611
0 0.766406 0.122222 0.060938 0.061111
0 0.744141 0.060417 0.039844 0.084722
0 0.700781 0.034028 0.029687 0.056944
0 0.691797 0.070833 0.038281 0.036111
0 0.708984 0.124306 0.028906 0.051389
0 0.684766 0.123611 0.033594 0.091667
0 0.650391 0.135417 0.035156 0.084722
0 0.676562 0.210417 0.026563 0.045833
0 0.704687 0.283333 0.039063 0.077778
