0 0.924609 0.044444 0.016406 0.063889
0 0.864453 0.130556 0.025781 0.088889
0 0.721094 0.043750 0.015625 0.051389
0 0.683203 0.131944 0.021094 0.038889
0 0.696484 0.200000 0.019531 0.072222
0 0.712109 0.355556 0.014844 0.075000
0 0.692187 0.336806 0.010937 0.062500
0 0.658984 0.266667 0.017969 0.047222
0 0.654297 0.306944 0.014844 0.058333
0 0.635938 0.304861 0.012500 0.051389
0 0.635938 0.252778 0.018750 0.052778
0 0.618359 0.257639 0.014844 0.065278
0 0.607031 0.306250 0.012500 0.068056
0 0.601953 0.368056 0.019531 0.058333
0 0.582031 0.383333 0.020312 0.061111
0 0.547266 0.481250 0.019531 0.051389
0 0.528125 0.463889 0.017188 0.063889
0 0.519922 0.559028 0.025781 0.068056
0 0.515234 0.593056 0.019531 0.047222
0 0.487891 0.619444 0.022656 0.072222
0 0.488672 0.690972 0.030469 0.068056
0 0.413281 0.797222 0.031250 0.063889
0 0.460938 0.945139 0.023438 0.048611
0 0.457031 0.573611 0.017188 0.055556
0 0.447656 0.508333 0.025000 0.058333
0 0.450000 0.456944 0.021875 0.069444
0 0.653516 0.062500 0.013281 0.030556
0 0.654297 0.104861 0.016406 0.054167
0 0.639453 0.118750 0.014844 0.054167
0 0.624219 0.082639 0.010937 0.059722
0 0.623047 0.172917 0.019531 0.045833
0 0.612109 0.205556 0.021094 0.052778
0 0.596484 0.145139 0.016406 0.048611
0 0.587109 0.198611 0.022656 0.041667
0 0.585547 0.070139 0.014844 0.065278
0 0.584766 0.027778 0.014844 0.041667
0 0.569922 0.041667 0.019531 0.047222
0 0.564844 0.004861 0.014062 0.006944
0 0.535547 0.011806 0.011719 0.023611
0 0.532422 0.054861 0.024219 0.040278
0 0.512109 0.016667 0.016406 0.019444
0 0.550000 0.086806 0.020312 0.020833
0 0.564062 0.127083 0.015625 0.045833
0 0.562500 0.182639 0.007813 0.040278
0 0.546484 0.110417 0.022656 0.043056
0 0.530859 0.129167 0.016406 0.044444
0 0.517187 0.144444 0.021875 0.047222
0 0.500781 0.131944 0.017188 0.030556
0 0.491406 0.143056 0.023438 0.041667
0 0.469922 0.053472 0.022656 0.054167
0 0.532812 0.215278 0.031250 0.036111
0 0.525391 0.247222 0.024219 0.058333
0 0.502734 0.213889 0.017969 0.047222
0 0.514844 0.330556 0.028125 0.080556
0 0.570313 0.324306 0.023438 0.023611
0 0.581250 0.277083 0.026563 0.034722
0 0.485156 0.265278 0.018750 0.058333
0 0.478906 0.309028 0.014062 0.048611
0 0.467969 0.365278 0.040625 0.080556
0 0.465625 0.306250 0.023438 0.034722
0 0.464453 0.253472 0.014844 0.040278
0 0.455469 0.234722 0.029687 0.052778
0 0.435547 0.185417 0.025781 0.045833
0 0.444141 0.151389 0.036719 0.055556
0 0.448828 0.104861 0.032031 0.070833
0 0.416797 0.152778 0.033594 0.119444
0 0.421484 0.306944 0.021094 0.058333
0 0.375781 0.202083 0.026563 0.068056
0 0.349609 0.116667 0.039844 0.080556
0 0.345313 0.068056 0.029687 0.027778
0 0.363672 0.031944 0.022656 0.063889
0 0.246875 0.156944 0.021875 0.069444
0 0.181250 0.190278 0.045313 0.058333
0 0.280859 0.253472 0.038281 0.068056
0 0.270312 0.363889 0.031250 0.072222
0 0.314844 0.415972 0.028125 0.090278
0 0.342578 0.688194 0.025781 0.065278
0 0.249219 0.700000 0.021875 0.025000
0 0.225000 0.412500 0.035937 0.055556
0 0.167578 0.318056 0.030469 0.088889
0 0.153516 0.415278 0.024219 0.055556
0 0.143359 0.466667 0.030469 0.066667
0 0.187109 0.545139 0.028906 0.059722
0 0.198047 0.637500 0.032031 0.072222
0 0.186328 0.715972 0.027344 0.040278
0 0.155078 0.741667 0.022656 0.038889
0 0.183203 0.770833 0.033594 0.069444
0 0.274609 0.785417 0.022656 0.056944
0 0.044141 0.704167 0.030469 0.063889
