0 0.128125 0.120139 0.032812 0.054167
0 0.138672 0.178472 0.046094 0.056944
0 0.060547 0.388194 0.028906 0.073611
0 0.050000 0.136806 0.012500 0.059722
0 0.286328 0.163889 0.024219 0.063889
0 0.370313 0.881944 0.035937 0.077778
0 0.423438 0.222222 0.026563 0.077778
0 0.455469 0.115972 0.039063 0.081944
0 0.476953 0.068750 0.035156 0.062500
0 0.464453 0.029861 0.030469 0.043056
0 0.498047 0.034722 0.032031 0.055556
0 0.544531 0.209028 0.031250 0.070833
0 0.653516 0.288889 0.041406 0.088889
0 0.661328 0.502083 0.030469 0.090278
0 0.717188 0.441667 0.026563 0.072222
0 0.801172 0.354861 0.042969 0.076389
0 0.831641 0.342361 0.025781 0.051389
0 0.807422 0.193750 0.030469 0.101389
0 0.900391 0.363889 0.035156 0.100000
0 0.839844 0.572917 0.045313 0.095833
