0 0.015234 0.092361 0.022656 0.070833
0 0.079687 0.526389 0.042188 0.086111
0 0.180859 0.473611 0.027344 0.047222
0 0.201562 0.156944 0.032812 0.055556
0 0.270312 0.138194 0.042188 0.079167
0 0.175000 0.056250 0.040625 0.062500
0 0.155859 0.018750 0.028906 0.023611
0 0.109375 0.022222 0.028125 0.038889
0 0.441406 0.291667 0.040625 0.077778
0 0.441797 0.120833 0.035156 0.069444
0 0.432031 0.049306 0.035937 0.054167
0 0.570313 0.105556 0.037500 0.069444
0 0.751172 0.060417 0.044531 0.073611
0 0.822656 0.075694 0.040625 0.056944
