0 0.807422 0.181250 0.028906 0.104167
0 0.850000 0.281250 0.042188 0.084722
0 0.962500 0.179167 0.046875 0.088889
0 0.974219 0.243750 0.012500 0.081944
0 0.951563 0.374306 0.029687 0.126389
0 0.910937 0.390278 0.026563 0.100000
0 0.887109 0.861806 0.042969 0.123611
0 0.865234 0.934028 0.044531 0.104167
0 0.786328 0.659028 0.035156 0.076389
0 0.705469 0.469444 0.025000 0.063889
0 0.336328 0.181250 0.032031 0.073611
0 0.217969 0.237500 0.043750 0.094444
0 0.212500 0.075694 0.025000 0.079167
0 0.033594 0.116667 0.043750 0.094444
0 0.060547 0.279167 0.044531 0.063889
0 0.138672 0.484722 0.038281 0.069444
0 0.206641 0.538889 0.042969 0.083333
0 0.226172 0.809028 0.050781 0.098611
0 0.273828 0.780556 0.039844 0.083333
0 0.337500 0.940972 0.050000 0.073611
0 0.489062 0.950694 0.042188 0.065278
0 0.656641 0.375000 0.024219 0.063889
0 0.792188 0.386111 0.023438 0.069444
0 0.772266 0.479861 0.024219 0.054167
