0 0.635156 0.303472 0.039063 0.084722
0 0.598437 0.316667 0.031250 0.055556
0 0.763281 0.165278 0.025000 0.100000
0 0.723047 0.537500 0.035156 0.086111
0 0.660547 0.732639 0.042969 0.090278
0 0.742578 0.892361 0.047656 0.123611
0 0.843359 0.684722 0.036719 0.116667
0 0.609766 0.945139 0.032031 0.054167
0 0.485938 0.770833 0.032812 0.086111
0 0.491797 0.469444 0.033594 0.072222
0 0.454297 0.415972 0.038281 0.081944
0 0.518750 0.252083 0.032812 0.109722
0 0.275391 0.331250 0.038281 0.073611
0 0.248828 0.521528 0.019531 0.051389
0 0.282031 0.524306 0.045313 0.123611
0 0.187891 0.628472 0.028906 0.056944
0 0.154297 0.631944 0.046094 0.061111
