0 0.824219 0.095833 0.026563 0.100000
0 0.769141 0.174306 0.011719 0.070833
0 0.740234 0.194444 0.019531 0.063889
0 0.728516 0.159722 0.022656 0.052778
0 0.687109 0.041667 0.025781 0.069444
0 0.671484 0.155556 0.025781 0.080556
0 0.626172 0.307639 0.041406 0.068056
0 0.818750 0.592361 0.023438 0.068056
0 0.537500 0.109028 0.029687 0.062500
0 0.455078 0.070833 0.025781 0.077778
0 0.460547 0.203472 0.030469 0.070833
0 0.412109 0.215972 0.033594 0.076389
0 0.334766 0.277083 0.025781 0.081944
0 0.286719 0.465278 0.014062 0.050000
0 0.222266 0.154167 0.024219 0.072222
0 0.184375 0.170139 0.029687 0.115278
0 0.300000 0.028472 0.029687 0.051389
0 0.264844 0.021528 0.035937 0.043056
0 0.117188 0.415972 0.021875 0.079167
0 0.063281 0.420139 0.028125 0.068056
