0 0.031641 0.554861 0.027344 0.045833
0 0.076172 0.329167 0.028906 0.052778
0 0.148828 0.338889 0.022656 0.063889
0 0.240234 0.273611 0.044531 0.058333
0 0.251953 0.376389 0.021094 0.038889
0 0.298828 0.465278 0.025781 0.052778
0 0.255859 0.890278 0.016406 0.036111
0 0.281250 0.919444 0.018750 0.050000
0 0.341797 0.163889 0.035156 0.058333
0 0.267188 0.138889 0.028125 0.086111
0 0.259375 0.054861 0.020312 0.056944
0 0.199609 0.122917 0.028906 0.070833
0 0.390625 0.229167 0.029687 0.069444
0 0.402344 0.292361 0.018750 0.043056
0 0.398828 0.412500 0.014844 0.030556
0 0.578906 0.143750 0.034375 0.048611
0 0.560547 0.034028 0.027344 0.043056
0 0.531250 0.538194 0.035937 0.062500
0 0.461328 0.624306 0.008594 0.034722
0 0.512891 0.658333 0.013281 0.038889
0 0.482422 0.760417 0.014844 0.043056
0 0.458594 0.864583 0.015625 0.040278
0 0.553125 0.604861 0.018750 0.031944
0 0.600000 0.552778 0.020312 0.047222
0 0.564062 0.663889 0.023438 0.036111
0 0.600000 0.837500 0.021875 0.058333
0 0.696484 0.198611 0.014844 0.041667
0 0.715625 0.032639 0.039063 0.065278
0 0.746484 0.093750 0.032031 0.051389
0 0.801172 0.147222 0.025781 0.058333
0 0.818750 0.051389 0.026563 0.066667
0 0.847656 0.074306 0.021875 0.056944
0 0.763672 0.351389 0.038281 0.083333
0 0.919141 0.700694 0.024219 0.056944
0 0.936328 0.925694 0.014844 0.056944
0 0.731641 0.869444 0.019531 0.030556
0 0.475391 0.972917 0.021094 0.043056
0 0.512109 0.975694 0.022656 0.048611
