0 0.953516 0.038889 0.014844 0.041667
0 0.950391 0.111111 0.021094 0.036111
0 0.759766 0.042361 0.041406 0.068056
0 0.754297 0.259722 0.030469 0.058333
0 0.608984 0.211806 0.044531 0.062500
0 0.550391 0.134722 0.027344 0.055556
0 0.554688 0.041667 0.029687 0.055556
0 0.461719 0.125000 0.046875 0.061111
0 0.512500 0.050000 0.021875 0.050000
0 0.489453 0.212500 0.032031 0.038889
0 0.473047 0.334722 0.033594 0.044444
0 0.448438 0.420139 0.037500 0.051389
0 0.494922 0.478472 0.038281 0.054167
0 0.557031 0.403472 0.026563 0.059722
0 0.410156 0.061111 0.029687 0.041667
0 0.399219 0.025694 0.043750 0.051389
0 0.368750 0.086806 0.032812 0.040278
0 0.375000 0.124306 0.028125 0.040278
0 0.332812 0.062500 0.032812 0.038889
0 0.330469 0.102778 0.025000 0.030556
0 0.346484 0.134028 0.028906 0.037500
0 0.382031 0.220139 0.021875 0.043056
0 0.344531 0.262500 0.028125 0.027778
0 0.325000 0.215278 0.026563 0.055556
0 0.310937 0.173611 0.032812 0.047222
0 0.275391 0.209722 0.035156 0.063889
0 0.328906 0.323611 0.032812 0.061111
0 0.361719 0.358333 0.031250 0.069444
0 0.267188 0.429861 0.035937 0.040278
0 0.175781 0.327778 0.032812 0.069444
0 0.124219 0.323611 0.031250 0.066667
0 0.041016 0.403472 0.038281 0.101389
0 0.102344 0.825000 0.031250 0.080556
