0 0.137891 0.188889 0.030469 0.061111
0 0.134766 0.109028 0.021094 0.062500
0 0.295312 0.134028 0.020312 0.090278
0 0.367969 0.899306 0.032812 0.081944
0 0.428906 0.186806 0.028125 0.073611
0 0.466797 0.096528 0.025781 0.073611
0 0.480078 0.046528 0.024219 0.040278
0 0.474609 0.027778 0.021094 0.038889
0 0.504687 0.022222 0.023438 0.038889
0 0.544141 0.181944 0.022656 0.061111
0 0.651953 0.249306 0.030469 0.068056
0 0.657422 0.463889 0.042969 0.083333
0 0.717578 0.410417 0.038281 0.079167
0 0.809375 0.309722 0.040625 0.088889
0 0.810156 0.163889 0.026563 0.063889
0 0.835547 0.300000 0.017969 0.033333
0 0.901563 0.320833 0.042188 0.094444
0 0.842578 0.529861 0.050781 0.115278
