0 0.915625 0.261806 0.035937 0.084722
0 0.775781 0.059028 0.029687 0.090278
0 0.709766 0.015278 0.028906 0.030556
0 0.630859 0.255556 0.033594 0.075000
0 0.586328 0.228472 0.033594 0.062500
0 0.563281 0.168750 0.037500 0.079167
0 0.510547 0.028472 0.033594 0.051389
0 0.480469 0.015972 0.015625 0.031944
0 0.477344 0.198611 0.034375 0.097222
0 0.533594 0.441667 0.021875 0.072222
0 0.466797 0.488194 0.033594 0.065278
0 0.445313 0.346528 0.023438 0.076389
0 0.435547 0.313194 0.022656 0.068056
0 0.401172 0.122917 0.038281 0.068056
0 0.397266 0.210417 0.039844 0.084722
0 0.366797 0.193750 0.027344 0.051389
0 0.368750 0.145833 0.025000 0.055556
0 0.348047 0.113194 0.035156 0.062500
0 0.348437 0.067361 0.023438 0.059722
0 0.319141 0.022917 0.024219 0.023611
0 0.320703 0.141667 0.033594 0.086111
0 0.297266 0.127083 0.021094 0.056944
0 0.288672 0.177083 0.030469 0.054167
0 0.300391 0.389583 0.036719 0.054167
0 0.255859 0.111806 0.016406 0.070833
0 0.174219 0.278472 0.035937 0.081944
0 0.121484 0.218750 0.032031 0.104167
0 0.087109 0.138889 0.013281 0.066667
0 0.048437 0.336111 0.034375 0.069444
0 0.136328 0.763889 0.036719 0.075000
