0 0.523047 0.420833 0.030469 0.047222
0 0.584766 0.462500 0.030469 0.058333
0 0.562500 0.546528 0.029687 0.079167
0 0.583984 0.675000 0.011719 0.038889
0 0.568359 0.744444 0.035156 0.047222
0 0.256641 0.317361 0.038281 0.056944
0 0.192578 0.799306 0.028906 0.076389
0 0.063281 0.846528 0.050000 0.056944
0 0.750000 0.435417 0.018750 0.040278
0 0.800781 0.751389 0.021875 0.050000
0 0.738281 0.264583 0.034375 0.062500
0 0.715234 0.220833 0.019531 0.066667
0 0.639063 0.054861 0.037500 0.065278
0 0.942578 0.288889 0.033594 0.069444
