0 0.123047 0.232639 0.025781 0.045833
0 0.146484 0.311806 0.025781 0.079167
0 0.183203 0.546528 0.030469 0.040278
0 0.201562 0.618056 0.018750 0.044444
0 0.197656 0.714583 0.021875 0.034722
0 0.136328 0.761111 0.019531 0.044444
0 0.262500 0.529861 0.048437 0.095833
0 0.315234 0.400694 0.021094 0.059722
0 0.332812 0.279167 0.020312 0.044444
0 0.337109 0.240278 0.016406 0.030556
0 0.265625 0.702083 0.015625 0.040278
0 0.250781 0.780556 0.018750 0.033333
0 0.271484 0.760417 0.028906 0.045833
0 0.253906 0.865278 0.014062 0.036111
0 0.245703 0.897917 0.019531 0.043056
0 0.270312 0.895833 0.025000 0.052778
0 0.172656 0.847917 0.028125 0.037500
0 0.089844 0.927083 0.014062 0.037500
0 0.015625 0.900694 0.015625 0.031944
0 0.023828 0.624306 0.022656 0.043056
0 0.165234 0.642361 0.016406 0.029167
0 0.367188 0.679167 0.017188 0.058333
0 0.472266 0.361806 0.019531 0.054167
0 0.513281 0.440972 0.012500 0.037500
0 0.450781 0.683333 0.031250 0.052778
0 0.437891 0.770833 0.017969 0.041667
0 0.435937 0.839583 0.017188 0.029167
0 0.457031 0.817361 0.017188 0.040278
0 0.377734 0.960417 0.019531 0.029167
0 0.367969 0.987500 0.015625 0.025000
0 0.341406 0.984028 0.018750 0.026389
0 0.456641 0.917361 0.014844 0.029167
0 0.476563 0.926389 0.015625 0.047222
0 0.530469 0.652083 0.020312 0.048611
0 0.606250 0.499306 0.017188 0.054167
0 0.489062 0.755556 0.043750 0.047222
0 0.565234 0.918056 0.014844 0.030556
0 0.553516 0.965972 0.017969 0.056944
0 0.573438 0.972222 0.021875 0.038889
0 0.606250 0.849306 0.012500 0.031944
0 0.632031 0.893056 0.021875 0.041667
0 0.653906 0.759028 0.014062 0.034722
0 0.705469 0.685417 0.023438 0.043056
0 0.696094 0.749306 0.023438 0.045833
0 0.718359 0.788194 0.028906 0.043056
0 0.682031 0.870139 0.021875 0.037500
0 0.705078 0.889583 0.030469 0.065278
0 0.737109 0.854861 0.022656 0.054167
0 0.739062 0.891667 0.025000 0.044444
0 0.736719 0.318056 0.017188 0.030556
0 0.739453 0.269444 0.019531 0.038889
0 0.915234 0.709028 0.038281 0.098611
0 0.917578 0.973611 0.032031 0.044444
