0 0.907422 0.040278 0.011719 0.047222
0 0.870313 0.138194 0.018750 0.051389
0 0.889063 0.192361 0.018750 0.051389
0 0.814844 0.233333 0.017188 0.061111
0 0.805078 0.172222 0.014844 0.063889
0 0.802344 0.079167 0.018750 0.063889
0 0.710938 0.145833 0.020312 0.047222
0 0.698438 0.074306 0.015625 0.076389
0 0.675781 0.210417 0.018750 0.084722
0 0.700000 0.268750 0.026563 0.031944
0 0.695313 0.318750 0.020312 0.056944
0 0.684375 0.413889 0.015625 0.080556
0 0.732422 0.493750 0.033594 0.065278
0 0.766016 0.469444 0.024219 0.072222
0 0.743750 0.767361 0.020312 0.059722
0 0.723437 0.718056 0.020312 0.072222
0 0.646484 0.674306 0.030469 0.059722
0 0.587109 0.577778 0.027344 0.069444
0 0.598047 0.734722 0.019531 0.066667
0 0.578906 0.677778 0.020312 0.041667
0 0.582422 0.738194 0.017969 0.037500
0 0.612891 0.325694 0.017969 0.065278
0 0.629297 0.237500 0.024219 0.047222
0 0.641797 0.209722 0.017969 0.052778
0 0.600781 0.075000 0.014062 0.044444
0 0.585156 0.147222 0.029687 0.063889
0 0.572266 0.064583 0.022656 0.037500
0 0.562500 0.034722 0.014062 0.025000
0 0.580469 0.274306 0.020312 0.043056
0 0.548047 0.134028 0.019531 0.043056
0 0.525391 0.217361 0.016406 0.051389
0 0.541406 0.280556 0.014062 0.052778
0 0.504297 0.108333 0.016406 0.052778
0 0.519531 0.088194 0.028125 0.048611
0 0.518359 0.053472 0.014844 0.048611
0 0.517187 0.025694 0.020312 0.040278
0 0.466797 0.051389 0.021094 0.050000
0 0.438672 0.070833 0.025781 0.055556
0 0.482812 0.174306 0.021875 0.059722
0 0.495313 0.242361 0.018750 0.056944
0 0.491797 0.313194 0.021094 0.062500
0 0.535937 0.361806 0.032812 0.054167
0 0.530859 0.464583 0.027344 0.048611
0 0.523047 0.509028 0.014844 0.045833
0 0.461328 0.233333 0.028906 0.052778
0 0.452344 0.313194 0.023438 0.056944
0 0.435156 0.361111 0.018750 0.063889
0 0.468750 0.390972 0.029687 0.056944
0 0.463281 0.463194 0.025000 0.056944
0 0.441406 0.435417 0.014062 0.040278
0 0.443750 0.509722 0.017188 0.072222
0 0.421094 0.566667 0.028125 0.052778
0 0.397656 0.629861 0.018750 0.045833
0 0.401563 0.526389 0.017188 0.038889
0 0.401172 0.463889 0.021094 0.061111
0 0.421094 0.702083 0.021875 0.070833
0 0.484375 0.686806 0.031250 0.045833
0 0.492969 0.716667 0.017188 0.072222
0 0.421094 0.280556 0.014062 0.038889
0 0.397656 0.276389 0.018750 0.063889
0 0.400781 0.209028 0.020312 0.068056
0 0.411719 0.184028 0.029687 0.051389
0 0.366016 0.111806 0.019531 0.093056
0 0.383594 0.261111 0.026563 0.069444
0 0.308203 0.375000 0.019531 0.055556
0 0.266406 0.435417 0.026563 0.051389
0 0.243359 0.315972 0.016406 0.045833
0 0.225000 0.488194 0.025000 0.062500
0 0.235938 0.585417 0.014062 0.073611
0 0.316406 0.677778 0.020312 0.041667
0 0.221094 0.692361 0.025000 0.031944
0 0.200391 0.786111 0.024219 0.075000
0 0.239453 0.881250 0.027344 0.045833
0 0.324609 0.926389 0.021094 0.044444
0 0.169531 0.526389 0.028125 0.058333
0 0.141016 0.468056 0.024219 0.066667
0 0.051172 0.211806 0.022656 0.062500
0 0.047266 0.336111 0.022656 0.036111
0 0.080469 0.538889 0.029687 0.055556
