0 0.037109 0.097917 0.013281 0.054167
0 0.018359 0.110417 0.017969 0.034722
0 0.045703 0.212500 0.019531 0.036111
0 0.063281 0.222917 0.014062 0.045833
0 0.067188 0.531250 0.023438 0.043056
0 0.085156 0.519444 0.015625 0.044444
0 0.109766 0.531250 0.017969 0.045833
0 0.122656 0.681944 0.039063 0.050000
0 0.084766 0.971528 0.021094 0.040278
0 0.221094 0.975000 0.017188 0.041667
0 0.244531 0.852083 0.014062 0.040278
0 0.325391 0.863194 0.024219 0.056944
0 0.335156 0.982639 0.021875 0.034722
0 0.550781 0.965972 0.017188 0.048611
0 0.744141 0.622917 0.013281 0.043056
0 0.625391 0.511806 0.016406 0.034722
0 0.445313 0.497222 0.014062 0.036111
0 0.434766 0.554167 0.021094 0.050000
0 0.470313 0.228472 0.023438 0.037500
0 0.413281 0.462500 0.020312 0.044444
0 0.382422 0.422917 0.014844 0.031944
0 0.358203 0.470833 0.014844 0.038889
0 0.375000 0.494444 0.017188 0.044444
0 0.356250 0.520139 0.026563 0.051389
0 0.333594 0.515278 0.017188 0.075000
0 0.353125 0.601389 0.015625 0.036111
0 0.379297 0.659722 0.017969 0.038889
0 0.346875 0.693056 0.021875 0.047222
0 0.284375 0.643750 0.032812 0.037500
0 0.271875 0.575000 0.037500 0.050000
0 0.241016 0.492361 0.019531 0.040278
0 0.224219 0.474306 0.018750 0.034722
0 0.199609 0.447917 0.021094 0.043056
0 0.232422 0.413889 0.019531 0.061111
0 0.158203 0.352778 0.033594 0.061111
0 0.148047 0.267361 0.021094 0.065278
0 0.164453 0.243056 0.024219 0.069444
0 0.189844 0.131944 0.025000 0.061111
0 0.215234 0.182639 0.021094 0.051389
0 0.232031 0.043750 0.020312 0.043056
0 0.268750 0.029861 0.025000 0.056944
0 0.260547 0.079167 0.022656 0.041667
0 0.287891 0.071528 0.021094 0.043056
0 0.264062 0.159028 0.020312 0.048611
0 0.287109 0.174306 0.027344 0.043056
0 0.316406 0.178472 0.020312 0.031944
0 0.309375 0.140972 0.026563 0.040278
