0 0.839063 0.021528 0.023438 0.043056
0 0.803125 0.079167 0.034375 0.077778
0 0.763281 0.101389 0.026563 0.050000
0 0.761328 0.165972 0.027344 0.051389
0 0.733984 0.156944 0.032031 0.050000
0 0.719141 0.076389 0.024219 0.058333
0 0.650781 0.248611 0.028125 0.055556
0 0.560156 0.141667 0.039063 0.063889
0 0.544922 0.183333 0.027344 0.063889
0 0.412500 0.093056 0.031250 0.077778
0 0.392188 0.513194 0.032812 0.054167
0 0.416406 0.620833 0.026563 0.069444
0 0.306641 0.422222 0.025781 0.044444
0 0.321875 0.530556 0.023438 0.080556
0 0.203516 0.157639 0.019531 0.070833
0 0.216016 0.110417 0.027344 0.059722
0 0.255469 0.050000 0.031250 0.086111
0 0.169141 0.237500 0.033594 0.077778
0 0.132422 0.413194 0.022656 0.065278
