0 0.815625 0.404167 0.031250 0.077778
0 0.770312 0.486111 0.021875 0.091667
0 0.746484 0.309722 0.032031 0.072222
0 0.760547 0.229167 0.027344 0.055556
0 0.748438 0.097222 0.039063 0.063889
0 0.814844 0.036111 0.029687 0.044444
0 0.757813 0.025000 0.029687 0.033333
0 0.735547 0.053472 0.022656 0.054167
0 0.696094 0.106944 0.028125 0.063889
0 0.662891 0.155556 0.033594 0.069444
0 0.662891 0.296528 0.017969 0.051389
0 0.646094 0.290972 0.025000 0.051389
0 0.632422 0.252778 0.019531 0.038889
0 0.637109 0.202778 0.025781 0.080556
0 0.625000 0.138889 0.025000 0.058333
0 0.657812 0.107639 0.029687 0.070833
0 0.656641 0.068750 0.022656 0.051389
0 0.775781 0.959722 0.023438 0.038889
0 0.601563 0.622917 0.026563 0.048611
0 0.583594 0.600000 0.015625 0.044444
0 0.631250 0.426389 0.032812 0.058333
0 0.576953 0.508333 0.025781 0.055556
0 0.571094 0.444444 0.023438 0.066667
0 0.539453 0.402083 0.027344 0.062500
0 0.572266 0.322222 0.036719 0.069444
0 0.587891 0.277083 0.025781 0.054167
0 0.580859 0.177083 0.028906 0.043056
0 0.543359 0.616667 0.022656 0.036111
0 0.557031 0.690972 0.026563 0.037500
0 0.493359 0.680556 0.027344 0.044444
0 0.502344 0.520139 0.017188 0.056944
0 0.458203 0.518750 0.022656 0.054167
0 0.396484 0.761111 0.022656 0.072222
0 0.373828 0.727083 0.027344 0.056944
0 0.312891 0.834722 0.032031 0.044444
0 0.293359 0.861806 0.024219 0.065278
0 0.314844 0.890278 0.028125 0.061111
0 0.379687 0.627778 0.026563 0.033333
0 0.307031 0.594444 0.037500 0.058333
0 0.233594 0.608333 0.035937 0.041667
0 0.208594 0.668056 0.031250 0.033333
0 0.198828 0.745139 0.022656 0.023611
0 0.173438 0.820833 0.031250 0.055556
0 0.130078 0.830556 0.028906 0.044444
0 0.115234 0.886111 0.038281 0.036111
0 0.143750 0.757639 0.028125 0.040278
0 0.090625 0.685417 0.034375 0.045833
0 0.092969 0.527778 0.037500 0.050000
0 0.197266 0.570833 0.024219 0.061111
0 0.135547 0.465972 0.024219 0.051389
0 0.221875 0.445139 0.025000 0.045833
0 0.214453 0.329861 0.028906 0.059722
0 0.168359 0.297917 0.032031 0.043056
0 0.079297 0.175000 0.032031 0.058333
0 0.301953 0.278472 0.019531 0.034722
0 0.260938 0.015278 0.034375 0.027778
0 0.346484 0.040972 0.030469 0.056944
0 0.442187 0.429861 0.021875 0.065278
0 0.457422 0.397222 0.027344 0.055556
0 0.461328 0.352083 0.028906 0.045833
0 0.494141 0.354167 0.032031 0.050000
0 0.419922 0.367361 0.027344 0.051389
0 0.418750 0.307639 0.026563 0.051389
0 0.433594 0.287500 0.031250 0.052778
0 0.386719 0.247222 0.014062 0.069444
0 0.488672 0.263889 0.014844 0.019444
0 0.471094 0.274306 0.023438 0.051389
0 0.458984 0.256250 0.024219 0.045833
0 0.564062 0.023611 0.028125 0.047222
0 0.570313 0.079861 0.032812 0.051389
0 0.562109 0.113889 0.027344 0.063889
0 0.552344 0.159028 0.023438 0.065278
0 0.534375 0.143056 0.034375 0.061111
0 0.508594 0.212500 0.020312 0.050000
0 0.496875 0.150694 0.017188 0.056944
0 0.515625 0.147917 0.020312 0.054167
0 0.498437 0.100694 0.032812 0.068056
0 0.511719 0.055556 0.034375 0.063889
0 0.525391 0.013194 0.030469 0.026389
0 0.474609 0.012500 0.022656 0.025000
0 0.413281 0.144444 0.021875 0.058333
0 0.430859 0.134722 0.014844 0.055556
0 0.458984 0.185417 0.021094 0.054167
0 0.455859 0.129167 0.028906 0.047222
0 0.429297 0.073611 0.035156 0.075000
0 0.403906 0.022917 0.034375 0.040278
