0 0.857813 0.165278 0.018750 0.041667
0 0.844531 0.158333 0.020312 0.027778
0 0.883984 0.072917 0.016406 0.051389
0 0.802734 0.244444 0.025781 0.058333
0 0.780469 0.222917 0.029687 0.029167
0 0.775000 0.199306 0.021875 0.037500
0 0.755078 0.236806 0.028906 0.043056
0 0.710547 0.195833 0.014844 0.025000
0 0.712109 0.106944 0.024219 0.061111
0 0.631641 0.392361 0.035156 0.068056
0 0.576172 0.184722 0.025781 0.047222
0 0.506250 0.556250 0.021875 0.040278
0 0.493750 0.170833 0.040625 0.066667
0 0.474609 0.238889 0.038281 0.058333
0 0.460547 0.149306 0.032031 0.051389
0 0.423438 0.077083 0.021875 0.070833
0 0.401563 0.041667 0.021875 0.069444
0 0.443750 0.277083 0.028125 0.031944
0 0.441797 0.332639 0.016406 0.054167
0 0.363672 0.455556 0.022656 0.047222
0 0.316797 0.554861 0.039844 0.062500
0 0.256641 0.329167 0.022656 0.044444
0 0.275000 0.188194 0.025000 0.065278
0 0.246875 0.260417 0.039063 0.059722
0 0.223828 0.147222 0.025781 0.061111
0 0.098438 0.224306 0.023438 0.056944
0 0.077344 0.235417 0.021875 0.034722
0 0.072656 0.280556 0.028125 0.055556
0 0.089453 0.565972 0.038281 0.059722
0 0.162891 0.564583 0.035156 0.056944
0 0.180859 0.409722 0.022656 0.047222
