0 0.254297 0.228472 0.041406 0.062500
0 0.355469 0.333333 0.059375 0.086111
0 0.415625 0.713194 0.039063 0.115278
0 0.232422 0.672222 0.050781 0.119444
0 0.189063 0.747917 0.065625 0.120833
0 0.017578 0.295833 0.035156 0.105556
0 0.086719 0.352083 0.051562 0.115278
0 0.130078 0.140278 0.049219 0.127778
0 0.403906 0.097917 0.056250 0.062500
0 0.611719 0.138889 0.050000 0.077778
0 0.709375 0.236806 0.034375 0.115278
0 0.821484 0.729167 0.033594 0.075000
0 0.829297 0.798611 0.028906 0.075000
0 0.931641 0.662500 0.030469 0.077778
0 0.899609 0.521528 0.036719 0.109722
