0 0.035547 0.100694 0.033594 0.087500
0 0.120312 0.064583 0.053125 0.070833
0 0.168359 0.054861 0.036719 0.073611
0 0.205078 0.125000 0.035156 0.063889
0 0.285937 0.147917 0.050000 0.062500
0 0.283984 0.099306 0.027344 0.045833
0 0.287500 0.011806 0.021875 0.020833
0 0.087109 0.568056 0.033594 0.050000
0 0.181641 0.515278 0.024219 0.030556
0 0.438281 0.329861 0.035937 0.079167
0 0.448047 0.148611 0.025781 0.038889
0 0.444531 0.086806 0.028125 0.048611
0 0.576172 0.145139 0.035156 0.043056
0 0.741016 0.093056 0.021094 0.058333
