0 0.957422 0.047917 0.035156 0.068056
0 0.968359 0.030556 0.028906 0.055556
0 0.721094 0.022917 0.031250 0.043056
0 0.757031 0.229861 0.032812 0.073611
0 0.588281 0.202778 0.032812 0.066667
0 0.567187 0.271528 0.035937 0.079167
0 0.535156 0.032639 0.031250 0.062500
0 0.557031 0.013889 0.018750 0.025000
0 0.490625 0.031250 0.028125 0.045833
0 0.450781 0.111111 0.034375 0.072222
0 0.399219 0.119444 0.031250 0.050000
0 0.479688 0.196528 0.032812 0.070833
0 0.490234 0.317361 0.032031 0.056944
0 0.450391 0.376389 0.039844 0.069444
0 0.498437 0.499306 0.028125 0.073611
0 0.333203 0.458333 0.038281 0.055556
0 0.346094 0.383333 0.026563 0.072222
0 0.316406 0.346528 0.025000 0.090278
0 0.287500 0.412500 0.034375 0.083333
0 0.293750 0.263194 0.040625 0.065278
0 0.302344 0.172222 0.032812 0.069444
0 0.376563 0.182639 0.045313 0.051389
0 0.380859 0.047222 0.038281 0.047222
0 0.368359 0.097917 0.016406 0.051389
0 0.344922 0.101389 0.033594 0.061111
0 0.320313 0.045139 0.040625 0.076389
0 0.319531 0.138194 0.029687 0.062500
0 0.287500 0.107639 0.039063 0.054167
0 0.174219 0.268750 0.035937 0.051389
0 0.131641 0.275000 0.030469 0.041667
0 0.048437 0.331250 0.023438 0.062500
0 0.122266 0.800694 0.033594 0.079167
0 0.206250 0.749306 0.034375 0.054167
