0 0.201172 0.306944 0.032031 0.083333
0 0.246875 0.266667 0.037500 0.094444
0 0.146094 0.296528 0.035937 0.084722
0 0.205469 0.541667 0.035937 0.080556
0 0.301953 0.547917 0.041406 0.070833
0 0.285156 0.747917 0.018750 0.090278
0 0.332812 0.752083 0.032812 0.059722
0 0.353125 0.540972 0.029687 0.079167
0 0.333594 0.300694 0.023438 0.070833
0 0.290625 0.234028 0.026563 0.076389
0 0.379297 0.269444 0.039844 0.063889
0 0.512891 0.287500 0.041406 0.086111
0 0.620703 0.054861 0.033594 0.051389
0 0.613281 0.230556 0.037500 0.066667
0 0.655469 0.161806 0.034375 0.070833
0 0.691016 0.168750 0.030469 0.079167
0 0.667188 0.318750 0.029687 0.059722
0 0.725000 0.329167 0.031250 0.072222
0 0.861328 0.825000 0.033594 0.086111
0 0.876562 0.974306 0.017188 0.051389
0 0.914063 0.909722 0.025000 0.072222
