0 0.073047 0.140972 0.024219 0.068056
0 0.144922 0.197222 0.027344 0.066667
0 0.151172 0.422917 0.024219 0.068056
0 0.282813 0.570833 0.018750 0.038889
0 0.385156 0.502083 0.018750 0.040278
0 0.250781 0.462500 0.017188 0.044444
0 0.028125 0.403472 0.017188 0.056944
0 0.094922 0.665972 0.019531 0.043056
0 0.223438 0.973611 0.010937 0.027778
0 0.294141 0.937500 0.019531 0.041667
0 0.473828 0.883333 0.024219 0.050000
0 0.483594 0.782639 0.023438 0.048611
0 0.466797 0.626389 0.019531 0.052778
0 0.239453 0.331250 0.030469 0.062500
0 0.263281 0.207639 0.017188 0.062500
0 0.298438 0.230556 0.020312 0.055556
0 0.340625 0.207639 0.025000 0.059722
0 0.305078 0.016667 0.016406 0.033333
0 0.339453 0.070139 0.016406 0.037500
0 0.391797 0.249306 0.016406 0.045833
0 0.420703 0.236111 0.021094 0.052778
0 0.482812 0.104167 0.021875 0.058333
0 0.584766 0.148611 0.038281 0.055556
0 0.698828 0.037500 0.036719 0.063889
0 0.751562 0.086806 0.028125 0.056944
0 0.708984 0.206944 0.017969 0.052778
0 0.778516 0.324306 0.025781 0.068056
0 0.897266 0.185417 0.021094 0.056944
0 0.824219 0.067361 0.021875 0.040278
0 0.814453 0.034722 0.024219 0.033333
0 0.798047 0.138194 0.021094 0.065278
0 0.655469 0.567361 0.015625 0.045833
0 0.536719 0.595139 0.021875 0.051389
0 0.566797 0.619444 0.022656 0.036111
0 0.560156 0.658333 0.015625 0.025000
0 0.567187 0.698611 0.015625 0.019444
0 0.610547 0.743056 0.013281 0.033333
0 0.607422 0.851389 0.017969 0.047222
0 0.753906 0.883333 0.021875 0.038889
0 0.926562 0.655556 0.023438 0.052778
0 0.958594 0.902083 0.017188 0.045833
