0 0.740234 0.129861 0.030469 0.065278
0 0.578906 0.183333 0.026563 0.088889
0 0.559766 0.026389 0.016406 0.050000
0 0.450781 0.197222 0.028125 0.083333
0 0.437891 0.111111 0.039844 0.044444
0 0.430469 0.404167 0.034375 0.066667
0 0.314453 0.163889 0.017969 0.063889
0 0.279687 0.175000 0.018750 0.080556
0 0.292969 0.040972 0.021875 0.056944
0 0.369531 0.028472 0.034375 0.051389
0 0.252344 0.027778 0.032812 0.030556
0 0.173438 0.096528 0.037500 0.059722
0 0.224609 0.190972 0.025781 0.059722
0 0.131250 0.096528 0.031250 0.054167
0 0.039453 0.152778 0.046094 0.080556
0 0.098047 0.603472 0.030469 0.084722
0 0.197656 0.548611 0.025000 0.036111
