0 0.803906 0.672222 0.035937 0.061111
0 0.832422 0.444444 0.033594 0.036111
0 0.759766 0.327778 0.033594 0.052778
0 0.715234 0.211111 0.032031 0.055556
0 0.698828 0.145139 0.036719 0.031944
0 0.692578 0.101389 0.046094 0.038889
0 0.737500 0.033333 0.040625 0.019444
0 0.821484 0.042361 0.036719 0.040278
0 0.673828 0.043056 0.038281 0.047222
0 0.650781 0.070139 0.035937 0.045833
0 0.646875 0.113889 0.023438 0.038889
0 0.630859 0.095139 0.032031 0.051389
0 0.633203 0.176389 0.033594 0.050000
0 0.607422 0.144444 0.036719 0.044444
0 0.676172 0.260417 0.025781 0.023611
0 0.698438 0.334028 0.025000 0.059722
0 0.646484 0.301389 0.030469 0.055556
0 0.639453 0.256944 0.032031 0.061111
0 0.620703 0.268056 0.027344 0.061111
0 0.603906 0.357639 0.026563 0.045833
0 0.591797 0.406944 0.027344 0.055556
0 0.662109 0.836806 0.039844 0.073611
0 0.560547 0.583333 0.032031 0.055556
0 0.516016 0.592361 0.032031 0.045833
0 0.518359 0.645139 0.032031 0.054167
0 0.485156 0.676389 0.017188 0.052778
0 0.506641 0.889583 0.039844 0.076389
0 0.492969 0.571528 0.034375 0.048611
0 0.486719 0.490278 0.026563 0.036111
0 0.508203 0.494444 0.028906 0.052778
0 0.545313 0.474306 0.032812 0.062500
0 0.528125 0.439583 0.025000 0.070833
0 0.566016 0.295833 0.038281 0.080556
0 0.512500 0.326389 0.029687 0.077778
0 0.471094 0.366667 0.021875 0.052778
0 0.451953 0.357639 0.022656 0.037500
0 0.482031 0.339583 0.035937 0.056944
0 0.463672 0.336111 0.021094 0.058333
0 0.463672 0.273611 0.017969 0.052778
0 0.487500 0.292361 0.028125 0.051389
0 0.485547 0.250694 0.021094 0.045833
0 0.471094 0.257639 0.017188 0.037500
0 0.457031 0.227083 0.021875 0.045833
0 0.421094 0.284028 0.025000 0.045833
0 0.507031 0.214583 0.020312 0.056944
0 0.600000 0.213194 0.026563 0.070833
0 0.553516 0.179167 0.024219 0.047222
0 0.567578 0.141667 0.036719 0.063889
0 0.555078 0.106250 0.021094 0.068056
0 0.541016 0.054861 0.013281 0.056944
0 0.558203 0.070139 0.019531 0.059722
0 0.551172 0.022222 0.030469 0.030556
0 0.512891 0.029167 0.024219 0.044444
0 0.530469 0.125000 0.018750 0.063889
0 0.505469 0.150694 0.029687 0.059722
0 0.471484 0.057639 0.025781 0.045833
0 0.466797 0.081944 0.028906 0.077778
0 0.443750 0.110417 0.028125 0.065278
0 0.443359 0.172917 0.019531 0.056944
0 0.418359 0.113194 0.032031 0.037500
0 0.408203 0.128472 0.019531 0.068056
0 0.342969 0.075694 0.023438 0.068056
0 0.339844 0.261806 0.014062 0.062500
0 0.268750 0.159028 0.015625 0.040278
0 0.286328 0.241667 0.025781 0.052778
0 0.279687 0.293056 0.018750 0.052778
0 0.315234 0.394444 0.030469 0.050000
0 0.351563 0.654167 0.021875 0.050000
0 0.260547 0.469444 0.041406 0.063889
0 0.226953 0.415972 0.030469 0.048611
0 0.210938 0.401389 0.023438 0.050000
0 0.172266 0.293056 0.038281 0.069444
0 0.143750 0.458333 0.026563 0.055556
0 0.104297 0.579167 0.030469 0.063889
0 0.197656 0.545833 0.031250 0.038889
0 0.250000 0.586806 0.020312 0.068056
0 0.190625 0.609722 0.025000 0.044444
0 0.195313 0.700694 0.028125 0.065278
0 0.188672 0.772917 0.013281 0.031944
0 0.157422 0.743750 0.035156 0.043056
0 0.281250 0.795139 0.021875 0.045833
0 0.032031 0.736806 0.025000 0.045833
