0 0.858984 0.054861 0.033594 0.056944
0 0.878516 0.034028 0.035156 0.065278
0 0.873438 0.318750 0.020312 0.070833
0 0.793359 0.179167 0.032031 0.044444
0 0.783984 0.074306 0.022656 0.062500
0 0.762500 0.197222 0.031250 0.061111
0 0.794922 0.266667 0.033594 0.077778
0 0.708984 0.122222 0.024219 0.061111
0 0.696094 0.073611 0.025000 0.072222
0 0.683984 0.196528 0.028906 0.056944
0 0.704687 0.251389 0.021875 0.050000
0 0.701953 0.322917 0.036719 0.068056
0 0.736328 0.421528 0.032031 0.059722
0 0.734766 0.503472 0.025781 0.062500
0 0.663672 0.418056 0.013281 0.025000
0 0.655469 0.639583 0.018750 0.065278
0 0.717188 0.698611 0.034375 0.052778
0 0.663281 0.272917 0.021875 0.051389
0 0.628906 0.251389 0.025000 0.072222
0 0.621094 0.318750 0.028125 0.045833
0 0.584766 0.162500 0.028906 0.036111
0 0.589453 0.136111 0.027344 0.038889
0 0.593750 0.089583 0.029687 0.040278
0 0.586719 0.059722 0.023438 0.036111
0 0.555859 0.031944 0.032031 0.052778
0 0.530469 0.087500 0.035937 0.061111
0 0.514844 0.101389 0.034375 0.061111
0 0.483203 0.054167 0.028906 0.058333
0 0.458984 0.081944 0.039844 0.061111
0 0.577734 0.288194 0.027344 0.056944
0 0.585547 0.402778 0.028906 0.063889
0 0.609375 0.574306 0.032812 0.040278
0 0.582422 0.615972 0.022656 0.034722
0 0.610937 0.672917 0.032812 0.051389
0 0.604297 0.715972 0.019531 0.051389
0 0.646875 0.902778 0.028125 0.050000
0 0.551172 0.423611 0.030469 0.075000
0 0.548047 0.269444 0.017969 0.063889
0 0.533203 0.234028 0.021094 0.048611
0 0.537891 0.199306 0.024219 0.065278
0 0.494922 0.177778 0.022656 0.041667
0 0.510938 0.217361 0.026563 0.062500
0 0.510547 0.259028 0.016406 0.034722
0 0.522656 0.293056 0.021875 0.041667
0 0.497266 0.255556 0.021094 0.044444
0 0.477734 0.234028 0.030469 0.051389
0 0.506250 0.547917 0.029687 0.081944
0 0.509375 0.736111 0.020312 0.063889
0 0.648438 0.961806 0.023438 0.045833
0 0.448828 0.597222 0.024219 0.063889
0 0.433594 0.593750 0.040625 0.076389
0 0.481250 0.518056 0.028125 0.066667
0 0.464844 0.429167 0.017188 0.063889
0 0.497656 0.432639 0.032812 0.065278
0 0.482031 0.404167 0.028125 0.058333
0 0.476953 0.343750 0.017969 0.070833
0 0.455078 0.346528 0.019531 0.065278
0 0.446094 0.288194 0.026563 0.070833
0 0.426953 0.393056 0.038281 0.069444
0 0.400000 0.306250 0.031250 0.059722
0 0.371484 0.270139 0.027344 0.062500
0 0.444531 0.247222 0.031250 0.058333
0 0.432813 0.185417 0.023438 0.056944
0 0.426562 0.211806 0.020312 0.065278
0 0.332422 0.204167 0.028906 0.041667
0 0.325391 0.254861 0.030469 0.059722
0 0.279297 0.320833 0.030469 0.066667
0 0.194141 0.247917 0.024219 0.029167
0 0.137500 0.015972 0.021875 0.031944
0 0.245703 0.459722 0.019531 0.041667
0 0.260156 0.551389 0.020312 0.086111
0 0.326562 0.674306 0.028125 0.056944
0 0.392188 0.868056 0.028125 0.050000
0 0.347266 0.863889 0.028906 0.033333
0 0.329297 0.827083 0.024219 0.051389
0 0.238281 0.770139 0.034375 0.062500
0 0.214453 0.587500 0.028906 0.083333
0 0.179688 0.559722 0.026563 0.047222
0 0.169922 0.473611 0.024219 0.069444
0 0.108984 0.534722 0.035156 0.086111
0 0.140234 0.747222 0.033594 0.119444
0 0.135156 0.975694 0.025000 0.037500
