0 0.646094 0.393750 0.031250 0.062500
0 0.568750 0.438194 0.029687 0.056944
0 0.564844 0.492361 0.025000 0.065278
0 0.524219 0.484028 0.037500 0.070833
0 0.475781 0.650694 0.023438 0.068056
0 0.333203 0.684722 0.022656 0.055556
0 0.115234 0.700694 0.027344 0.054167
0 0.341406 0.488194 0.053125 0.073611
0 0.354297 0.413889 0.035156 0.052778
0 0.338281 0.319444 0.026563 0.058333
0 0.304688 0.222917 0.025000 0.059722
0 0.286719 0.164583 0.026563 0.054167
0 0.109375 0.206944 0.031250 0.058333
0 0.396484 0.123611 0.047656 0.080556
0 0.336719 0.022222 0.031250 0.030556
0 0.409766 0.050694 0.041406 0.054167
0 0.486719 0.070833 0.023438 0.044444
