0 0.042578 0.229167 0.017969 0.033333
0 0.062109 0.231944 0.017969 0.050000
0 0.121484 0.433333 0.016406 0.061111
0 0.148828 0.560417 0.024219 0.043056
0 0.126563 0.679167 0.018750 0.041667
0 0.141797 0.809028 0.024219 0.062500
0 0.132422 0.874306 0.022656 0.040278
0 0.086719 0.978472 0.023438 0.037500
0 0.182031 0.802778 0.018750 0.047222
0 0.225000 0.965972 0.021875 0.051389
0 0.275000 0.661111 0.025000 0.055556
0 0.243359 0.472917 0.019531 0.043056
0 0.221875 0.436806 0.025000 0.045833
0 0.192578 0.386111 0.035156 0.055556
0 0.192578 0.336111 0.019531 0.030556
0 0.201953 0.264583 0.019531 0.048611
0 0.435937 0.235417 0.023438 0.056944
0 0.432813 0.163194 0.023438 0.059722
0 0.667969 0.256250 0.023438 0.048611
0 0.735937 0.295833 0.018750 0.038889
0 0.548437 0.524306 0.020312 0.045833
0 0.391797 0.681944 0.022656 0.036111
0 0.471094 0.944444 0.029687 0.055556
0 0.577344 0.747222 0.023438 0.055556
0 0.764453 0.628472 0.022656 0.043056
0 0.794141 0.522222 0.013281 0.036111
