0 0.568359 0.473611 0.027344 0.055556
0 0.572656 0.412500 0.028125 0.036111
0 0.619141 0.353472 0.032031 0.062500
0 0.560938 0.675694 0.035937 0.079167
0 0.455078 0.631250 0.033594 0.073611
0 0.364453 0.627778 0.033594 0.033333
0 0.430469 0.371528 0.034375 0.087500
0 0.356641 0.436806 0.024219 0.062500
0 0.345703 0.506250 0.032031 0.090278
0 0.350000 0.295833 0.021875 0.080556
0 0.311719 0.218750 0.021875 0.051389
0 0.305469 0.159028 0.029687 0.051389
0 0.349219 0.027778 0.029687 0.050000
0 0.187109 0.647917 0.033594 0.054167
