0 0.636719 0.435417 0.025000 0.076389
0 0.574219 0.492361 0.026563 0.062500
0 0.566797 0.438194 0.028906 0.065278
0 0.655469 0.702778 0.029687 0.072222
0 0.485156 0.466667 0.029687 0.072222
0 0.459766 0.311806 0.027344 0.059722
0 0.470313 0.149306 0.046875 0.076389
0 0.342578 0.027083 0.022656 0.043056
0 0.295312 0.150694 0.025000 0.037500
0 0.311328 0.209722 0.027344 0.080556
0 0.336719 0.320833 0.029687 0.063889
0 0.369922 0.418750 0.030469 0.051389
0 0.346484 0.487500 0.035156 0.052778
0 0.149219 0.676389 0.023438 0.030556
