0 0.495313 0.200000 0.029687 0.050000
0 0.361328 0.048611 0.022656 0.044444
0 0.187109 0.411111 0.019531 0.041667
0 0.212109 0.484028 0.024219 0.059722
0 0.376172 0.567361 0.025781 0.056944
0 0.393750 0.447917 0.015625 0.054167
0 0.399609 0.420833 0.014844 0.047222
0 0.315234 0.664583 0.039844 0.054167
0 0.317969 0.713889 0.032812 0.047222
0 0.241016 0.720139 0.032031 0.040278
0 0.018359 0.667361 0.021094 0.056944
0 0.223047 0.808333 0.011719 0.033333
0 0.254687 0.881944 0.015625 0.036111
0 0.195313 0.916667 0.021875 0.041667
0 0.087500 0.795833 0.018750 0.041667
0 0.283594 0.764583 0.017188 0.048611
0 0.267188 0.792361 0.015625 0.029167
0 0.315234 0.842361 0.024219 0.040278
0 0.326562 0.925694 0.026563 0.048611
0 0.308203 0.931250 0.017969 0.031944
0 0.424219 0.834028 0.017188 0.040278
0 0.508203 0.843056 0.024219 0.052778
0 0.460938 0.961111 0.014062 0.047222
0 0.574219 0.605556 0.014062 0.044444
0 0.587500 0.633333 0.021875 0.041667
0 0.644531 0.673611 0.017188 0.044444
0 0.800000 0.452778 0.010937 0.027778
0 0.800391 0.497917 0.016406 0.031944
0 0.768359 0.843056 0.028906 0.044444
0 0.757813 0.920139 0.023438 0.037500
0 0.742969 0.954861 0.023438 0.029167
0 0.782031 0.946528 0.015625 0.037500
0 0.984766 0.861806 0.024219 0.059722
0 0.541406 0.911806 0.031250 0.020833
0 0.582422 0.808333 0.017969 0.050000
0 0.510547 0.975000 0.016406 0.041667
0 0.375391 0.833333 0.017969 0.025000
