0 0.877734 0.320833 0.038281 0.077778
0 0.726172 0.037500 0.017969 0.052778
0 0.679297 0.136806 0.028906 0.073611
0 0.657812 0.083333 0.025000 0.041667
0 0.652734 0.050000 0.021094 0.050000
0 0.644531 0.105556 0.018750 0.047222
0 0.619531 0.067361 0.025000 0.043056
0 0.623828 0.135417 0.016406 0.056944
0 0.680469 0.265278 0.020312 0.033333
0 0.689844 0.329861 0.014062 0.056944
0 0.713672 0.362500 0.016406 0.058333
0 0.655078 0.252083 0.021094 0.043056
0 0.639063 0.297222 0.020312 0.052778
0 0.633984 0.263194 0.021094 0.051389
0 0.620703 0.259028 0.016406 0.045833
0 0.609375 0.195833 0.020312 0.063889
0 0.591016 0.161111 0.019531 0.052778
0 0.585156 0.200694 0.023438 0.051389
0 0.587500 0.022917 0.023438 0.040278
0 0.586719 0.063194 0.025000 0.056944
0 0.569141 0.039583 0.021094 0.051389
0 0.558203 0.010417 0.017969 0.015278
0 0.529688 0.038889 0.017188 0.038889
0 0.546875 0.100694 0.017188 0.068056
0 0.562500 0.140972 0.010937 0.012500
0 0.561719 0.175000 0.017188 0.036111
0 0.532031 0.113889 0.023438 0.041667
0 0.523828 0.067361 0.019531 0.040278
0 0.505078 0.036111 0.017969 0.058333
0 0.469531 0.053472 0.018750 0.059722
0 0.476172 0.009028 0.035156 0.018056
0 0.436328 0.087500 0.028906 0.055556
0 0.393359 0.018750 0.030469 0.031944
0 0.372656 0.034028 0.017188 0.062500
0 0.341406 0.116667 0.023438 0.047222
0 0.519922 0.147917 0.033594 0.076389
0 0.486719 0.133333 0.015625 0.036111
0 0.401563 0.120833 0.017188 0.033333
0 0.433984 0.170833 0.028906 0.050000
0 0.605078 0.295833 0.024219 0.036111
0 0.576172 0.277083 0.028906 0.043056
0 0.526953 0.238889 0.030469 0.050000
0 0.508203 0.200694 0.032031 0.051389
0 0.604688 0.368056 0.025000 0.063889
0 0.589063 0.397222 0.026563 0.066667
0 0.539844 0.307639 0.023438 0.073611
0 0.512109 0.326389 0.025781 0.063889
0 0.510938 0.277083 0.031250 0.059722
0 0.484375 0.246528 0.028125 0.073611
0 0.472266 0.259722 0.032031 0.055556
0 0.452344 0.215278 0.028125 0.055556
0 0.485156 0.299306 0.023438 0.045833
0 0.469141 0.295139 0.021094 0.056944
0 0.426562 0.277083 0.021875 0.048611
0 0.376563 0.213889 0.025000 0.061111
0 0.476563 0.386806 0.025000 0.065278
0 0.460938 0.325000 0.018750 0.047222
0 0.450391 0.355556 0.025781 0.066667
0 0.448047 0.413194 0.021094 0.048611
0 0.544531 0.472222 0.020312 0.044444
0 0.524609 0.455556 0.019531 0.058333
0 0.522656 0.544444 0.028125 0.050000
0 0.511328 0.562500 0.024219 0.050000
0 0.485938 0.593056 0.015625 0.033333
0 0.489062 0.682639 0.020312 0.054167
0 0.451953 0.559028 0.017969 0.048611
0 0.444922 0.541667 0.017969 0.055556
0 0.411328 0.567361 0.030469 0.051389
0 0.405469 0.752778 0.018750 0.041667
0 0.344141 0.653472 0.021094 0.037500
0 0.310547 0.384028 0.024219 0.051389
0 0.281641 0.235417 0.017969 0.062500
0 0.262891 0.265972 0.022656 0.059722
0 0.257813 0.070833 0.026563 0.055556
0 0.238672 0.180556 0.022656 0.055556
0 0.226563 0.404861 0.026563 0.051389
0 0.135547 0.306250 0.008594 0.001389
0 0.151172 0.307639 0.021094 0.079167
0 0.135937 0.408333 0.014062 0.044444
0 0.145703 0.477083 0.021094 0.076389
0 0.186719 0.542361 0.017188 0.054167
0 0.187891 0.633333 0.028906 0.044444
0 0.176563 0.711111 0.015625 0.050000
0 0.164453 0.763194 0.030469 0.037500
0 0.217969 0.788194 0.015625 0.051389
0 0.039844 0.738889 0.032812 0.075000
0 0.033594 0.975000 0.018750 0.050000
