0 0.872266 0.332639 0.035156 0.062500
0 0.968359 0.227778 0.041406 0.100000
0 0.877344 0.084028 0.032812 0.073611
0 0.944531 0.437500 0.029687 0.075000
0 0.976172 0.706250 0.024219 0.065278
0 0.843359 0.704861 0.030469 0.056944
0 0.832812 0.920139 0.032812 0.062500
0 0.578906 0.642361 0.029687 0.073611
0 0.439063 0.281944 0.037500 0.052778
0 0.504687 0.056250 0.035937 0.054167
0 0.439453 0.581944 0.036719 0.077778
0 0.235547 0.565278 0.032031 0.077778
0 0.115625 0.432639 0.026563 0.070833
0 0.062500 0.902083 0.025000 0.062500
