0 0.873047 0.308333 0.028906 0.080556
0 0.912109 0.609722 0.032031 0.063889
0 0.790625 0.562500 0.021875 0.038889
0 0.740625 0.079861 0.023438 0.062500
0 0.662500 0.784028 0.031250 0.090278
0 0.689453 0.779167 0.028906 0.069444
0 0.572266 0.945833 0.030469 0.069444
0 0.519922 0.969444 0.052344 0.061111
0 0.429297 0.743750 0.028906 0.045833
0 0.469531 0.651389 0.031250 0.069444
0 0.435547 0.658333 0.033594 0.063889
0 0.352734 0.691667 0.027344 0.055556
0 0.318750 0.787500 0.023438 0.061111
0 0.311719 0.425694 0.035937 0.073611
0 0.296875 0.477083 0.025000 0.084722
0 0.265234 0.693750 0.036719 0.076389
0 0.344141 0.906250 0.024219 0.040278
