0 0.366797 0.122222 0.028906 0.050000
0 0.339844 0.045139 0.025000 0.073611
0 0.286719 0.173611 0.032812 0.055556
0 0.303516 0.236111 0.032031 0.075000
0 0.144531 0.190972 0.026563 0.048611
0 0.176563 0.684028 0.046875 0.040278
0 0.338281 0.316667 0.028125 0.086111
0 0.362891 0.468056 0.027344 0.075000
0 0.335156 0.504861 0.028125 0.084722
0 0.282031 0.903472 0.059375 0.051389
0 0.571484 0.502083 0.024219 0.048611
0 0.471875 0.412500 0.021875 0.052778
0 0.467969 0.481250 0.032812 0.062500
0 0.567578 0.454167 0.049219 0.041667
0 0.625391 0.414583 0.039844 0.059722
