0 0.372656 0.797222 0.028125 0.072222
0 0.840625 0.547222 0.050000 0.102778
0 0.811328 0.314583 0.042969 0.084722
0 0.815234 0.137500 0.030469 0.052778
0 0.716797 0.398611 0.036719 0.069444
0 0.661328 0.455556 0.044531 0.102778
0 0.646094 0.242361 0.040625 0.068056
0 0.556250 0.145833 0.028125 0.044444
0 0.464844 0.068750 0.031250 0.073611
0 0.484375 0.025694 0.031250 0.040278
0 0.292188 0.080556 0.028125 0.069444
0 0.129297 0.070139 0.030469 0.065278
0 0.096484 0.070833 0.032031 0.055556
0 0.077344 0.313889 0.025000 0.075000
0 0.048828 0.116667 0.019531 0.069444
0 0.432031 0.172917 0.031250 0.068056
