0 0.880469 0.313889 0.032812 0.086111
0 0.815625 0.400000 0.021875 0.061111
0 0.779297 0.528472 0.036719 0.087500
0 0.955078 0.670139 0.039844 0.068056
0 0.766406 0.307639 0.026563 0.068056
0 0.712500 0.358333 0.037500 0.088889
0 0.667578 0.280556 0.038281 0.066667
0 0.684375 0.201389 0.034375 0.058333
0 0.696094 0.157639 0.029687 0.059722
0 0.722656 0.129167 0.021875 0.044444
0 0.731641 0.054861 0.024219 0.034722
0 0.677344 0.066667 0.037500 0.072222
0 0.652734 0.086806 0.024219 0.059722
0 0.643750 0.135417 0.031250 0.056944
0 0.623047 0.085417 0.022656 0.040278
0 0.596094 0.132639 0.031250 0.051389
0 0.616016 0.185417 0.008594 0.054167
0 0.588281 0.210417 0.015625 0.040278
0 0.608984 0.272222 0.019531 0.069444
0 0.628906 0.273611 0.007813 0.030556
0 0.638672 0.309722 0.016406 0.041667
0 0.607813 0.383333 0.018750 0.038889
0 0.589453 0.424306 0.022656 0.048611
0 0.556250 0.282639 0.006250 0.009722
0 0.563281 0.195833 0.025000 0.047222
0 0.554688 0.164583 0.029687 0.043056
0 0.579687 0.108333 0.031250 0.050000
0 0.564844 0.119444 0.040625 0.061111
0 0.544141 0.061806 0.022656 0.040278
0 0.551562 0.037500 0.026563 0.050000
0 0.532422 0.022222 0.022656 0.041667
0 0.520703 0.018056 0.021094 0.033333
0 0.523047 0.068750 0.030469 0.056944
0 0.523828 0.147222 0.024219 0.050000
0 0.508594 0.145833 0.031250 0.036111
0 0.478125 0.025694 0.034375 0.051389
0 0.464453 0.065972 0.030469 0.073611
0 0.442969 0.096528 0.035937 0.054167
0 0.441406 0.127778 0.032812 0.036111
0 0.508594 0.223611 0.031250 0.063889
0 0.525781 0.316667 0.018750 0.055556
0 0.509766 0.338889 0.028906 0.052778
0 0.517578 0.467361 0.025781 0.054167
0 0.538281 0.478472 0.021875 0.059722
0 0.551172 0.605556 0.033594 0.077778
0 0.583594 0.812500 0.040625 0.091667
0 0.516016 0.663889 0.021094 0.055556
0 0.517969 0.627083 0.025000 0.051389
0 0.514063 0.563889 0.034375 0.058333
0 0.499219 0.611806 0.025000 0.079167
0 0.474219 0.613889 0.025000 0.061111
0 0.469922 0.506250 0.024219 0.068056
0 0.453516 0.385417 0.017969 0.056944
0 0.469531 0.368056 0.015625 0.033333
0 0.458984 0.335417 0.014844 0.037500
0 0.475000 0.328472 0.020312 0.034722
0 0.476172 0.312500 0.011719 0.055556
0 0.478125 0.276389 0.017188 0.063889
0 0.463672 0.301389 0.016406 0.066667
0 0.464063 0.280556 0.017188 0.055556
0 0.449219 0.248611 0.017188 0.069444
0 0.423047 0.289583 0.025781 0.048611
0 0.430469 0.177083 0.032812 0.062500
0 0.408594 0.162500 0.029687 0.066667
0 0.402344 0.124306 0.034375 0.043056
0 0.388672 0.021528 0.019531 0.040278
0 0.340625 0.105556 0.035937 0.066667
0 0.334766 0.281944 0.028906 0.063889
0 0.286328 0.283333 0.027344 0.050000
0 0.264453 0.283333 0.025781 0.066667
0 0.303516 0.404167 0.022656 0.055556
0 0.287891 0.448611 0.035156 0.080556
0 0.346875 0.688889 0.023438 0.050000
0 0.408594 0.581250 0.012500 0.034722
0 0.479297 0.697917 0.017969 0.048611
0 0.258594 0.662500 0.029687 0.055556
0 0.279297 0.798611 0.028906 0.072222
0 0.196484 0.770139 0.024219 0.026389
0 0.188672 0.719444 0.024219 0.030556
0 0.187891 0.663889 0.019531 0.058333
0 0.195703 0.565972 0.025781 0.059722
0 0.220313 0.452083 0.039063 0.062500
0 0.200391 0.432639 0.032031 0.068056
0 0.169922 0.319444 0.044531 0.069444
0 0.182422 0.165972 0.035156 0.073611
0 0.174219 0.026389 0.029687 0.052778
0 0.136328 0.486111 0.033594 0.075000
0 0.100391 0.580556 0.036719 0.086111
0 0.139062 0.755556 0.032812 0.069444
0 0.101953 0.836806 0.032031 0.062500
0 0.030469 0.756944 0.032812 0.061111
