0 0.755078 0.295139 0.028906 0.031944
0 0.781641 0.042361 0.022656 0.056944
0 0.732422 0.030556 0.021094 0.047222
0 0.701172 0.092361 0.019531 0.068056
0 0.689453 0.140972 0.027344 0.051389
0 0.698438 0.196528 0.018750 0.054167
0 0.684766 0.262500 0.030469 0.063889
0 0.703125 0.315278 0.020312 0.041667
0 0.677734 0.076389 0.024219 0.036111
0 0.660937 0.045833 0.018750 0.047222
0 0.650000 0.099306 0.018750 0.059722
0 0.633203 0.081944 0.024219 0.055556
0 0.633203 0.168750 0.024219 0.048611
0 0.621484 0.143750 0.019531 0.029167
0 0.603516 0.200694 0.024219 0.034722
0 0.653516 0.289583 0.025781 0.045833
0 0.647656 0.250000 0.014062 0.044444
0 0.628125 0.245833 0.010937 0.027778
0 0.626172 0.274306 0.025781 0.048611
0 0.584375 0.134028 0.025000 0.009722
0 0.592969 0.077778 0.014062 0.069444
0 0.566016 0.071528 0.027344 0.040278
0 0.558594 0.044444 0.023438 0.038889
0 0.564062 0.135417 0.021875 0.051389
0 0.539844 0.109722 0.029687 0.036111
0 0.521094 0.016667 0.020312 0.030556
0 0.510156 0.044444 0.023438 0.055556
0 0.488281 0.048611 0.020312 0.047222
0 0.482812 0.101389 0.020312 0.038889
0 0.510156 0.120139 0.031250 0.045833
0 0.523047 0.210417 0.028906 0.040278
0 0.562109 0.256250 0.032031 0.051389
0 0.617969 0.354861 0.017188 0.059722
0 0.593359 0.388194 0.025781 0.056944
0 0.840234 0.593750 0.027344 0.048611
0 0.705469 0.952778 0.023438 0.072222
0 0.560938 0.456250 0.028125 0.059722
0 0.535937 0.419444 0.029687 0.038889
0 0.546484 0.306944 0.027344 0.069444
0 0.533203 0.320139 0.033594 0.095833
0 0.551172 0.586806 0.032031 0.070833
0 0.529297 0.589583 0.025781 0.040278
0 0.513281 0.629861 0.018750 0.040278
0 0.491406 0.665278 0.028125 0.030556
0 0.488672 0.477778 0.021094 0.036111
0 0.516016 0.477778 0.025781 0.086111
0 0.488281 0.546528 0.017188 0.045833
0 0.489844 0.348611 0.026563 0.063889
0 0.460938 0.348611 0.018750 0.050000
0 0.465625 0.309722 0.017188 0.041667
0 0.493750 0.288889 0.023438 0.050000
0 0.470313 0.279861 0.014062 0.040278
0 0.473437 0.237500 0.010937 0.044444
0 0.495703 0.248611 0.024219 0.036111
0 0.469922 0.181944 0.019531 0.025000
0 0.447266 0.122917 0.024219 0.034722
0 0.451172 0.082639 0.022656 0.048611
0 0.424219 0.120833 0.021875 0.052778
0 0.409766 0.102083 0.027344 0.065278
0 0.437109 0.268056 0.021094 0.041667
0 0.359766 0.065278 0.036719 0.047222
0 0.342969 0.026389 0.014062 0.038889
0 0.353906 0.231944 0.029687 0.055556
0 0.267578 0.142361 0.027344 0.048611
0 0.302734 0.248611 0.028906 0.047222
0 0.292578 0.283333 0.027344 0.047222
0 0.305859 0.327083 0.033594 0.043056
0 0.330469 0.394444 0.026563 0.072222
0 0.361328 0.661806 0.028906 0.056944
0 0.257813 0.550694 0.029687 0.031944
0 0.238281 0.414583 0.039063 0.012500
0 0.230469 0.372222 0.031250 0.072222
0 0.178516 0.266667 0.032031 0.058333
0 0.155078 0.453472 0.035156 0.065278
0 0.166406 0.593750 0.028125 0.081944
0 0.207422 0.537500 0.027344 0.047222
0 0.208984 0.620139 0.025781 0.073611
0 0.213672 0.720833 0.028906 0.080556
0 0.201172 0.780556 0.021094 0.075000
0 0.169141 0.733333 0.033594 0.041667
0 0.092578 0.210417 0.017969 0.073611
0 0.041016 0.729167 0.035156 0.072222
0 0.549219 0.905556 0.031250 0.013889
0 0.419922 0.557639 0.019531 0.045833
0 0.264844 0.981250 0.048437 0.037500
