0 0.139062 0.912500 0.050000 0.041667
0 0.205469 0.815972 0.035937 0.073611
0 0.276953 0.774306 0.035156 0.065278
0 0.260547 0.702778 0.030469 0.094444
0 0.289063 0.680556 0.032812 0.077778
0 0.340234 0.577083 0.033594 0.059722
0 0.422266 0.620139 0.047656 0.051389
0 0.333203 0.255556 0.036719 0.058333
0 0.162109 0.100694 0.046094 0.098611
0 0.207031 0.047222 0.046875 0.066667
0 0.426953 0.190972 0.036719 0.037500
0 0.730859 0.132639 0.042969 0.079167
0 0.929688 0.166667 0.042188 0.058333
0 0.970312 0.449306 0.057813 0.068056
0 0.975000 0.573611 0.034375 0.072222
0 0.956250 0.881944 0.042188 0.066667
0 0.616797 0.460417 0.033594 0.104167
