0 0.323828 0.339583 0.030469 0.070833
0 0.536719 0.281944 0.028125 0.058333
0 0.619141 0.173611 0.039844 0.061111
0 0.908203 0.206250 0.028906 0.054167
0 0.820313 0.084028 0.023438 0.054167
0 0.566797 0.103472 0.027344 0.040278
0 0.551953 0.125694 0.033594 0.087500
0 0.422656 0.165278 0.039063 0.066667
0 0.400000 0.155556 0.034375 0.055556
0 0.393750 0.079167 0.034375 0.066667
0 0.395312 0.017361 0.018750 0.034722
0 0.359766 0.095139 0.019531 0.045833
0 0.301172 0.068750 0.036719 0.056944
0 0.293750 0.122222 0.031250 0.066667
0 0.270703 0.115278 0.025781 0.055556
0 0.244141 0.051389 0.025781 0.063889
0 0.250000 0.292361 0.032812 0.065278
0 0.160547 0.195139 0.035156 0.056944
0 0.113281 0.150000 0.034375 0.066667
0 0.035156 0.275000 0.046875 0.094444
0 0.140625 0.657639 0.025000 0.101389
0 0.170312 0.659722 0.025000 0.052778
