0 0.046484 0.593056 0.025781 0.055556
0 0.148438 0.342361 0.015625 0.043056
0 0.153906 0.395139 0.014062 0.051389
0 0.176953 0.163889 0.021094 0.038889
0 0.246875 0.290972 0.032812 0.054167
0 0.251172 0.410417 0.017969 0.054167
0 0.259766 0.827778 0.014844 0.027778
0 0.276953 0.938889 0.017969 0.038889
0 0.458203 0.884722 0.016406 0.050000
0 0.479688 0.771528 0.015625 0.034722
0 0.454297 0.634028 0.016406 0.062500
0 0.516016 0.681250 0.016406 0.031944
0 0.555859 0.631250 0.017969 0.031944
0 0.523828 0.569444 0.019531 0.044444
0 0.542969 0.544444 0.020312 0.044444
0 0.589844 0.582639 0.020312 0.034722
0 0.569531 0.684028 0.020312 0.051389
0 0.396875 0.490278 0.017188 0.036111
0 0.389453 0.261111 0.022656 0.047222
0 0.425000 0.302778 0.018750 0.050000
0 0.341406 0.197222 0.037500 0.066667
0 0.275391 0.172917 0.025781 0.056944
0 0.258594 0.104861 0.023438 0.045833
0 0.257422 0.041667 0.016406 0.044444
0 0.503125 0.047222 0.021875 0.041667
0 0.567187 0.048611 0.026563 0.041667
0 0.575000 0.181250 0.029687 0.043056
0 0.669141 0.297917 0.019531 0.043056
0 0.775000 0.354861 0.021875 0.029167
0 0.782812 0.404861 0.015625 0.056944
0 0.912500 0.720833 0.015625 0.038889
0 0.938672 0.963889 0.024219 0.052778
0 0.718359 0.066667 0.032031 0.041667
0 0.749219 0.118056 0.023438 0.033333
0 0.804688 0.181250 0.026563 0.056944
0 0.825000 0.086806 0.018750 0.062500
0 0.848828 0.132639 0.022656 0.051389
0 0.799609 0.034722 0.013281 0.030556
