0 0.803906 0.123611 0.040625 0.086111
0 0.754687 0.198611 0.018750 0.038889
0 0.727344 0.165278 0.023438 0.038889
0 0.737500 0.026389 0.014062 0.027778
0 0.708594 0.305556 0.018750 0.077778
0 0.781250 0.579861 0.023438 0.073611
0 0.716016 0.602778 0.022656 0.050000
0 0.973828 0.444444 0.025781 0.061111
0 0.684375 0.225694 0.021875 0.037500
0 0.669922 0.223611 0.022656 0.041667
0 0.666797 0.127083 0.021094 0.070833
0 0.645703 0.058333 0.027344 0.044444
0 0.642187 0.090972 0.025000 0.062500
0 0.629297 0.121528 0.017969 0.045833
0 0.631250 0.172917 0.014062 0.045833
0 0.635547 0.231944 0.010156 0.036111
0 0.653906 0.266667 0.021875 0.033333
0 0.635938 0.324306 0.025000 0.056944
0 0.597656 0.331944 0.020312 0.052778
0 0.581250 0.380556 0.023438 0.044444
0 0.614062 0.244444 0.020312 0.058333
0 0.616016 0.166667 0.030469 0.041667
0 0.615625 0.127778 0.020312 0.047222
0 0.616406 0.075694 0.023438 0.045833
0 0.601953 0.072222 0.017969 0.041667
0 0.583594 0.038194 0.020312 0.029167
0 0.591016 0.025000 0.025781 0.036111
0 0.592969 0.123611 0.021875 0.052778
0 0.575000 0.088194 0.018750 0.034722
0 0.571094 0.216667 0.025000 0.038889
0 0.554297 0.160417 0.022656 0.051389
0 0.536328 0.225694 0.016406 0.054167
0 0.537891 0.290278 0.024219 0.044444
0 0.512109 0.328472 0.017969 0.045833
0 0.487500 0.325000 0.023438 0.027778
0 0.487109 0.290278 0.019531 0.033333
0 0.469531 0.285417 0.020312 0.043056
0 0.506641 0.254861 0.030469 0.037500
0 0.534766 0.527083 0.017969 0.043056
0 0.526563 0.575694 0.014062 0.048611
0 0.504687 0.546528 0.018750 0.023611
0 0.508594 0.591667 0.015625 0.050000
0 0.480469 0.484722 0.018750 0.047222
0 0.457422 0.440972 0.021094 0.054167
0 0.468750 0.736806 0.021875 0.059722
0 0.440625 0.647917 0.025000 0.043056
0 0.445313 0.607639 0.028125 0.048611
0 0.439453 0.565278 0.014844 0.055556
0 0.409375 0.573611 0.015625 0.072222
0 0.291406 0.702083 0.020312 0.051389
0 0.276563 0.593056 0.018750 0.047222
0 0.235547 0.615972 0.036719 0.040278
0 0.204688 0.738194 0.029687 0.043056
0 0.201562 0.682639 0.028125 0.029167
0 0.203516 0.516667 0.024219 0.052778
0 0.224609 0.409722 0.028906 0.058333
0 0.185937 0.432639 0.028125 0.043056
0 0.159375 0.370833 0.035937 0.058333
0 0.105078 0.729167 0.028906 0.061111
0 0.055078 0.884028 0.019531 0.031944
0 0.018750 0.661806 0.021875 0.045833
0 0.043359 0.296528 0.021094 0.051389
0 0.037500 0.166667 0.028125 0.063889
0 0.014453 0.106944 0.027344 0.072222
0 0.200000 0.102778 0.029687 0.072222
0 0.360156 0.342361 0.031250 0.056944
0 0.531250 0.127083 0.021875 0.048611
0 0.521484 0.115972 0.022656 0.043056
0 0.505859 0.124306 0.024219 0.043056
0 0.521484 0.060417 0.014844 0.051389
0 0.539063 0.044444 0.020312 0.055556
0 0.502344 0.027778 0.017188 0.030556
0 0.525391 0.015278 0.028906 0.030556
0 0.460156 0.038889 0.018750 0.052778
0 0.493750 0.118750 0.025000 0.048611
0 0.494922 0.195139 0.021094 0.034722
0 0.487891 0.235417 0.027344 0.034722
0 0.469141 0.172917 0.025781 0.045833
0 0.442578 0.263194 0.019531 0.054167
0 0.435937 0.165278 0.021875 0.061111
0 0.407813 0.176389 0.025000 0.050000
0 0.464453 0.129861 0.021094 0.051389
0 0.451953 0.134028 0.025781 0.059722
0 0.456250 0.102083 0.026563 0.059722
0 0.435156 0.079861 0.035937 0.065278
0 0.418750 0.107639 0.020312 0.048611
0 0.406641 0.047222 0.024219 0.066667
0 0.391016 0.038889 0.024219 0.055556
0 0.358984 0.077083 0.032031 0.081944
0 0.342969 0.203472 0.025000 0.070833
0 0.317578 0.177778 0.021094 0.041667
