0 0.589844 0.849306 0.028125 0.062500
0 0.495703 0.868056 0.033594 0.038889
0 0.696875 0.298611 0.026563 0.063889
0 0.644531 0.091667 0.032812 0.097222
0 0.280859 0.043750 0.028906 0.051389
0 0.172266 0.261806 0.021094 0.040278
0 0.165625 0.286111 0.020312 0.063889
0 0.018359 0.258333 0.036719 0.052778
0 0.485938 0.500000 0.031250 0.052778
0 0.467969 0.583333 0.042188 0.036111
0 0.451562 0.552083 0.023438 0.018056
0 0.415625 0.591667 0.034375 0.041667
0 0.416797 0.556944 0.024219 0.030556
0 0.393750 0.500694 0.020312 0.056944
0 0.391016 0.456250 0.019531 0.043056
0 0.375781 0.482639 0.017188 0.045833
0 0.338281 0.457639 0.015625 0.051389
0 0.349609 0.438194 0.035156 0.056944
0 0.325000 0.474306 0.020312 0.045833
0 0.297656 0.381250 0.031250 0.043056
0 0.298047 0.421528 0.030469 0.054167
