0 0.792578 0.420833 0.021094 0.127778
0 0.858594 0.551389 0.023438 0.072222
0 0.752734 0.426389 0.025781 0.091667
0 0.680078 0.107639 0.044531 0.095833
0 0.735547 0.418750 0.030469 0.059722
0 0.660156 0.271528 0.020312 0.070833
0 0.637500 0.314583 0.042188 0.098611
0 0.538281 0.228472 0.028125 0.087500
0 0.575391 0.470139 0.028906 0.054167
0 0.648438 0.750000 0.040625 0.102778
0 0.479688 0.197222 0.028125 0.083333
0 0.367188 0.698611 0.021875 0.027778
0 0.308203 0.736806 0.038281 0.045833
0 0.170703 0.330556 0.030469 0.063889
