0 0.447656 0.249306 0.042188 0.068056
0 0.494141 0.484722 0.024219 0.044444
0 0.544141 0.323611 0.030469 0.061111
0 0.552344 0.280556 0.035937 0.050000
0 0.679688 0.236806 0.023438 0.048611
0 0.736328 0.231944 0.028906 0.066667
0 0.767187 0.732639 0.034375 0.079167
0 0.855078 0.909722 0.019531 0.025000
0 0.872656 0.866667 0.020312 0.072222
0 0.519141 0.749306 0.039844 0.068056
0 0.992578 0.304167 0.013281 0.041667
0 0.195313 0.588889 0.029687 0.036111
0 0.237109 0.652778 0.036719 0.075000
0 0.144141 0.806250 0.027344 0.020833
0 0.019922 0.515972 0.035156 0.087500
