0 0.753125 0.141667 0.045313 0.086111
0 0.745313 0.231250 0.037500 0.106944
0 0.612891 0.168750 0.032031 0.068056
0 0.573438 0.124306 0.035937 0.076389
0 0.694141 0.401389 0.032031 0.063889
0 0.716406 0.511111 0.026563 0.086111
0 0.757422 0.454167 0.011719 0.038889
0 0.782812 0.481944 0.023438 0.066667
0 0.794141 0.420139 0.011719 0.062500
0 0.713672 0.715278 0.039844 0.083333
0 0.411328 0.333333 0.019531 0.041667
0 0.328516 0.595139 0.041406 0.062500
0 0.276563 0.803472 0.032812 0.054167
0 0.233984 0.684028 0.025781 0.065278
0 0.181250 0.707639 0.029687 0.081944
0 0.108594 0.693750 0.018750 0.095833
0 0.014453 0.736111 0.025781 0.086111
0 0.052734 0.911806 0.036719 0.056944
0 0.183594 0.070833 0.032812 0.069444
