0 0.395703 0.468056 0.058594 0.058333
0 0.473828 0.300000 0.030469 0.094444
0 0.379687 0.295139 0.034375 0.081944
0 0.329297 0.143056 0.024219 0.088889
0 0.246875 0.253472 0.029687 0.090278
0 0.194141 0.259722 0.027344 0.055556
0 0.122656 0.102778 0.042188 0.122222
0 0.144141 0.561806 0.033594 0.062500
0 0.034766 0.787500 0.038281 0.080556
0 0.623047 0.901389 0.044531 0.030556
0 0.707031 0.719444 0.026563 0.066667
0 0.728906 0.693750 0.023438 0.095833
0 0.738672 0.645833 0.017969 0.058333
0 0.635938 0.247222 0.026563 0.041667
0 0.571875 0.308333 0.037500 0.072222
0 0.673437 0.175694 0.029687 0.045833
0 0.749219 0.147222 0.032812 0.052778
0 0.942187 0.033333 0.025000 0.050000
