0 0.765625 0.409722 0.028125 0.094444
0 0.802734 0.127083 0.038281 0.093056
0 0.700781 0.312500 0.034375 0.072222
0 0.704297 0.247222 0.036719 0.097222
0 0.666797 0.469444 0.021094 0.072222
0 0.626953 0.427778 0.028906 0.044444
0 0.555469 0.435417 0.034375 0.059722
0 0.546094 0.511111 0.045313 0.080556
0 0.561719 0.574306 0.018750 0.037500
0 0.579297 0.616667 0.022656 0.055556
0 0.523047 0.632639 0.021094 0.045833
0 0.512109 0.663889 0.024219 0.080556
0 0.482812 0.634028 0.025000 0.054167
0 0.470313 0.668056 0.029687 0.044444
0 0.448047 0.575694 0.025781 0.045833
0 0.454297 0.540972 0.030469 0.079167
0 0.387109 0.752778 0.027344 0.075000
0 0.327734 0.854861 0.025781 0.037500
0 0.333984 0.743056 0.021094 0.055556
0 0.280078 0.806944 0.027344 0.066667
0 0.153516 0.825694 0.027344 0.062500
0 0.092578 0.825694 0.024219 0.056944
0 0.046094 0.618056 0.025000 0.063889
0 0.131250 0.485417 0.031250 0.068056
0 0.188672 0.583333 0.032031 0.047222
0 0.224609 0.598611 0.027344 0.080556
0 0.263672 0.539583 0.027344 0.076389
0 0.281641 0.486806 0.028906 0.048611
0 0.209766 0.436806 0.030469 0.056944
0 0.187500 0.340972 0.025000 0.056944
0 0.148047 0.292361 0.017969 0.054167
0 0.383984 0.428472 0.027344 0.034722
0 0.376953 0.343056 0.013281 0.061111
0 0.264062 0.304167 0.032812 0.050000
0 0.301953 0.262500 0.028906 0.041667
0 0.303125 0.156250 0.029687 0.070833
0 0.261719 0.037500 0.026563 0.058333
0 0.192578 0.694444 0.030469 0.041667
0 0.725391 0.075694 0.033594 0.068056
0 0.692969 0.016667 0.034375 0.027778
0 0.681250 0.040972 0.035937 0.056944
0 0.691406 0.084028 0.018750 0.054167
0 0.673828 0.104167 0.027344 0.055556
0 0.653516 0.075000 0.025781 0.058333
0 0.627734 0.082639 0.024219 0.048611
0 0.624609 0.143056 0.021094 0.072222
0 0.600391 0.145139 0.027344 0.048611
0 0.623047 0.190972 0.024219 0.043056
0 0.645312 0.325000 0.020312 0.063889
0 0.637109 0.272222 0.027344 0.055556
0 0.615234 0.269444 0.022656 0.038889
0 0.585938 0.207639 0.020312 0.034722
0 0.581250 0.234028 0.032812 0.051389
0 0.564453 0.173611 0.027344 0.055556
0 0.566797 0.302083 0.025781 0.073611
0 0.519922 0.351389 0.025781 0.075000
0 0.478125 0.354861 0.025000 0.059722
0 0.466797 0.356944 0.016406 0.022222
0 0.460547 0.379167 0.024219 0.052778
0 0.486328 0.304861 0.032031 0.051389
0 0.482031 0.263889 0.023438 0.030556
0 0.462109 0.279861 0.014844 0.048611
0 0.442578 0.259722 0.028906 0.055556
0 0.425391 0.277778 0.021094 0.036111
0 0.501953 0.228472 0.014844 0.051389
0 0.622656 0.022917 0.023438 0.040278
0 0.551172 0.059722 0.022656 0.036111
0 0.547656 0.030556 0.020312 0.044444
0 0.559766 0.096528 0.022656 0.059722
0 0.538672 0.112500 0.021094 0.038889
0 0.528125 0.155556 0.021875 0.058333
0 0.509766 0.149306 0.019531 0.034722
0 0.480859 0.140972 0.021094 0.040278
0 0.498828 0.101389 0.025781 0.061111
0 0.482812 0.029167 0.025000 0.058333
0 0.465625 0.034722 0.020312 0.033333
0 0.428125 0.034722 0.023438 0.025000
0 0.519141 0.014583 0.024219 0.029167
0 0.428906 0.081944 0.043750 0.044444
0 0.400000 0.020139 0.045313 0.034722
0 0.434766 0.153472 0.021094 0.076389
0 0.411719 0.139583 0.026563 0.054167
