0 0.042188 0.188889 0.029687 0.052778
0 0.038672 0.240278 0.024219 0.050000
0 0.053125 0.034722 0.031250 0.069444
0 0.136328 0.404167 0.046094 0.100000
0 0.159766 0.527778 0.039844 0.066667
0 0.126172 0.659028 0.027344 0.054167
0 0.137500 0.747222 0.031250 0.063889
0 0.150000 0.813889 0.032812 0.063889
0 0.127734 0.872222 0.030469 0.083333
0 0.179688 0.784028 0.018750 0.079167
0 0.212891 0.212500 0.027344 0.058333
0 0.206250 0.297222 0.042188 0.075000
0 0.257422 0.365972 0.033594 0.054167
0 0.251172 0.436806 0.028906 0.062500
0 0.228906 0.383333 0.018750 0.050000
0 0.280859 0.620139 0.042969 0.073611
0 0.221094 0.967361 0.034375 0.065278
0 0.351172 0.205556 0.025781 0.083333
0 0.358984 0.087500 0.038281 0.088889
0 0.450391 0.119444 0.038281 0.083333
0 0.469531 0.256944 0.040625 0.094444
0 0.554688 0.488194 0.028125 0.087500
0 0.400000 0.640972 0.040625 0.068056
0 0.475391 0.945833 0.036719 0.080556
0 0.581250 0.740972 0.032812 0.087500
0 0.681641 0.231944 0.035156 0.066667
0 0.740625 0.340972 0.046875 0.070833
0 0.811719 0.586806 0.028125 0.079167
0 0.785156 0.664583 0.045313 0.084722
