0 0.224609 0.075694 0.028906 0.090278
0 0.244141 0.060417 0.025781 0.056944
0 0.267969 0.100000 0.021875 0.058333
0 0.274609 0.150694 0.042969 0.065278
0 0.221094 0.275694 0.039063 0.056944
0 0.158203 0.219444 0.035156 0.080556
0 0.257813 0.393750 0.034375 0.098611
0 0.239063 0.586111 0.034375 0.091667
0 0.307422 0.561111 0.033594 0.080556
0 0.297266 0.725694 0.024219 0.079167
0 0.300781 0.857639 0.029687 0.059722
0 0.371875 0.556944 0.042188 0.083333
0 0.340234 0.384722 0.032031 0.091667
0 0.618359 0.226389 0.036719 0.058333
0 0.623828 0.274306 0.024219 0.048611
0 0.637109 0.322222 0.036719 0.080556
0 0.673828 0.280556 0.036719 0.077778
0 0.595312 0.314583 0.032812 0.065278
0 0.508984 0.454861 0.041406 0.068056
0 0.565234 0.075000 0.032031 0.069444
0 0.482031 0.039583 0.040625 0.051389
0 0.707422 0.034028 0.033594 0.062500
0 0.894922 0.212500 0.042969 0.075000
0 0.925391 0.493056 0.041406 0.125000
0 0.869922 0.754167 0.041406 0.066667
0 0.895312 0.881250 0.020312 0.101389
0 0.852734 0.882639 0.027344 0.056944
