0 0.031250 0.134028 0.039063 0.104167
0 0.066797 0.159722 0.030469 0.072222
0 0.095312 0.129167 0.032812 0.102778
0 0.155078 0.321528 0.049219 0.145833
0 0.232812 0.113889 0.043750 0.066667
0 0.195703 0.052083 0.036719 0.045833
0 0.308594 0.022917 0.039063 0.045833
0 0.398438 0.122222 0.031250 0.050000
0 0.606250 0.183333 0.031250 0.052778
0 0.896875 0.887500 0.048437 0.094444
0 0.890625 0.810417 0.054688 0.073611
0 0.932422 0.775000 0.036719 0.061111
0 0.910547 0.037500 0.033594 0.075000
0 0.607031 0.738889 0.028125 0.061111
