0 0.803516 0.058333 0.028906 0.083333
0 0.769531 0.102778 0.023438 0.072222
0 0.721484 0.079861 0.032031 0.051389
0 0.732813 0.128472 0.015625 0.034722
0 0.748047 0.168750 0.014844 0.045833
0 0.672266 0.317361 0.038281 0.101389
0 0.633984 0.229861 0.025781 0.045833
0 0.571875 0.197917 0.031250 0.070833
0 0.359766 0.696528 0.025781 0.059722
0 0.294141 0.565972 0.039844 0.051389
0 0.200781 0.159722 0.057813 0.086111
0 0.257813 0.035417 0.025000 0.059722
0 0.175000 0.454167 0.053125 0.063889
0 0.136719 0.373611 0.032812 0.038889
