0 0.650000 0.153472 0.050000 0.112500
0 0.776563 0.147222 0.046875 0.080556
0 0.830469 0.196528 0.046875 0.123611
0 0.814844 0.345833 0.064062 0.127778
0 0.857813 0.435417 0.025000 0.098611
0 0.898047 0.481250 0.025781 0.037500
0 0.933594 0.556250 0.035937 0.087500
0 0.828516 0.696528 0.046094 0.126389
0 0.792578 0.606944 0.035156 0.097222
0 0.671875 0.819444 0.031250 0.138889
0 0.475391 0.897917 0.069531 0.126389
0 0.271484 0.239583 0.049219 0.073611
0 0.110547 0.466667 0.039844 0.088889
0 0.170312 0.926389 0.039063 0.075000
0 0.327344 0.397917 0.043750 0.081944
0 0.321484 0.188194 0.030469 0.090278
0 0.417188 0.431250 0.076563 0.126389
0 0.481641 0.415972 0.025781 0.079167
0 0.489844 0.531250 0.031250 0.081944
0 0.538281 0.477778 0.026563 0.094444
0 0.570703 0.551389 0.019531 0.061111
0 0.526172 0.308333 0.064844 0.108333
0 0.956250 0.661806 0.048437 0.056944
0 0.914844 0.914583 0.040625 0.093056
0 0.959375 0.934722 0.035937 0.102778
