0 0.745313 0.470833 0.043750 0.072222
0 0.813672 0.214583 0.046094 0.106944
0 0.782422 0.409028 0.047656 0.079167
0 0.839844 0.422917 0.053125 0.084722
0 0.860547 0.397222 0.030469 0.080556
0 0.856250 0.555556 0.028125 0.052778
0 0.899219 0.579167 0.031250 0.072222
0 0.950391 0.488889 0.035156 0.080556
0 0.965234 0.251389 0.042969 0.052778
0 0.933203 0.229861 0.030469 0.062500
0 0.866797 0.849306 0.030469 0.062500
0 0.622266 0.412500 0.038281 0.108333
0 0.550391 0.372222 0.027344 0.077778
0 0.585938 0.123611 0.042188 0.075000
0 0.548047 0.071528 0.046094 0.081944
0 0.462109 0.116667 0.039844 0.066667
0 0.452344 0.046528 0.035937 0.059722
0 0.289844 0.224306 0.053125 0.068056
0 0.253516 0.286111 0.038281 0.097222
0 0.189844 0.501389 0.043750 0.066667
0 0.088672 0.602778 0.042969 0.063889
0 0.351953 0.526389 0.035156 0.052778
