0 0.469141 0.116667 0.032031 0.055556
0 0.374219 0.358333 0.032812 0.072222
0 0.350781 0.496528 0.028125 0.065278
0 0.187500 0.409722 0.015625 0.041667
0 0.162109 0.332639 0.021094 0.023611
0 0.295703 0.613194 0.044531 0.098611
0 0.223438 0.632639 0.034375 0.034722
0 0.251953 0.697222 0.024219 0.038889
0 0.175781 0.842361 0.018750 0.045833
0 0.232031 0.797917 0.009375 0.020833
0 0.202344 0.726389 0.012500 0.025000
0 0.300000 0.782639 0.014062 0.023611
0 0.307813 0.847917 0.021875 0.037500
0 0.286719 0.853472 0.012500 0.031944
0 0.207031 0.928472 0.018750 0.023611
0 0.292578 0.946528 0.014844 0.034722
0 0.304688 0.979167 0.021875 0.019444
0 0.403125 0.754167 0.017188 0.050000
0 0.510547 0.507639 0.017969 0.048611
0 0.551953 0.521528 0.010156 0.034722
0 0.486719 0.771528 0.029687 0.065278
0 0.463281 0.854861 0.014062 0.043056
0 0.469141 0.921528 0.016406 0.051389
0 0.488281 0.898611 0.020312 0.047222
0 0.528516 0.831250 0.013281 0.031944
0 0.563672 0.725694 0.021094 0.043056
0 0.612500 0.968056 0.007813 0.022222
0 0.642578 0.927778 0.014844 0.036111
0 0.667578 0.972222 0.021094 0.044444
0 0.637891 0.590278 0.013281 0.050000
0 0.774219 0.409028 0.014062 0.026389
0 0.780078 0.365278 0.010156 0.025000
0 0.742188 0.754861 0.029687 0.059722
0 0.733594 0.835417 0.025000 0.043056
0 0.685938 0.838194 0.009375 0.023611
0 0.718750 0.874306 0.015625 0.034722
0 0.753516 0.875000 0.017969 0.041667
0 0.724609 0.951389 0.022656 0.036111
0 0.743750 0.960417 0.025000 0.045833
0 0.771094 0.942361 0.017188 0.031944
0 0.774219 0.972917 0.012500 0.029167
0 0.948438 0.763194 0.025000 0.068056
