0 0.143750 0.374306 0.029687 0.068056
0 0.235156 0.306250 0.032812 0.068056
0 0.256250 0.179861 0.021875 0.034722
0 0.282813 0.213889 0.020312 0.047222
0 0.321875 0.200000 0.026563 0.050000
0 0.380859 0.236111 0.017969 0.030556
0 0.416016 0.209028 0.021094 0.037500
0 0.339063 0.023611 0.023438 0.041667
0 0.229297 0.102778 0.022656 0.050000
0 0.156250 0.061806 0.023438 0.037500
0 0.239063 0.413889 0.014062 0.038889
0 0.266016 0.542361 0.019531 0.040278
0 0.240234 0.902083 0.016406 0.034722
0 0.274609 0.932639 0.017969 0.037500
0 0.380078 0.465278 0.021094 0.036111
0 0.452734 0.633333 0.021094 0.038889
0 0.467969 0.761806 0.015625 0.045833
0 0.454297 0.880556 0.024219 0.047222
0 0.502344 0.979861 0.028125 0.031944
0 0.500000 0.752083 0.018750 0.040278
0 0.542969 0.548611 0.014062 0.027778
0 0.563281 0.585417 0.021875 0.043056
0 0.565625 0.647917 0.021875 0.029167
0 0.575781 0.688889 0.017188 0.027778
0 0.586719 0.720833 0.020312 0.033333
0 0.604688 0.816667 0.020312 0.016667
0 0.618359 0.536806 0.014844 0.031944
0 0.569141 0.147222 0.017969 0.030556
0 0.515625 0.057639 0.015625 0.029167
0 0.705859 0.035417 0.024219 0.045833
0 0.708984 0.211111 0.022656 0.044444
0 0.751562 0.093750 0.035937 0.037500
0 0.818359 0.044444 0.022656 0.038889
0 0.826953 0.112500 0.019531 0.038889
0 0.794922 0.160417 0.022656 0.045833
0 0.776953 0.327083 0.022656 0.059722
0 0.881641 0.161111 0.021094 0.044444
0 0.919141 0.677083 0.017969 0.037500
0 0.953906 0.914583 0.021875 0.034722
0 0.742188 0.882639 0.021875 0.051389
0 0.069141 0.650000 0.024219 0.033333
