0 0.892969 0.216667 0.025000 0.086111
0 0.817969 0.109028 0.021875 0.073611
0 0.608984 0.191667 0.022656 0.069444
0 0.560547 0.107639 0.016406 0.054167
0 0.544531 0.145833 0.028125 0.091667
0 0.530469 0.292361 0.026563 0.043056
0 0.403906 0.165278 0.015625 0.050000
0 0.399609 0.079861 0.035156 0.045833
0 0.392969 0.013889 0.023438 0.025000
0 0.359766 0.121528 0.027344 0.059722
0 0.391406 0.188194 0.023438 0.073611
0 0.427344 0.366667 0.031250 0.100000
0 0.454688 0.415972 0.028125 0.037500
0 0.329297 0.354861 0.027344 0.040278
0 0.249609 0.297917 0.033594 0.051389
0 0.255469 0.144444 0.032812 0.102778
0 0.276172 0.123611 0.027344 0.080556
0 0.302344 0.095833 0.031250 0.052778
0 0.288281 0.046528 0.023438 0.056944
0 0.241016 0.056944 0.027344 0.052778
0 0.153125 0.219444 0.026563 0.066667
0 0.110547 0.179167 0.030469 0.066667
0 0.069141 0.084722 0.028906 0.052778
0 0.031641 0.269444 0.032031 0.075000
0 0.146875 0.697222 0.035937 0.072222
0 0.177344 0.689583 0.023438 0.051389
