0 0.366016 0.435417 0.030469 0.062500
0 0.332812 0.302083 0.042188 0.098611
0 0.318359 0.209028 0.044531 0.079167
0 0.291016 0.129861 0.038281 0.034722
0 0.235547 0.039583 0.055469 0.076389
0 0.051953 0.250694 0.041406 0.095833
0 0.131250 0.598611 0.057813 0.091667
0 0.179297 0.514583 0.053906 0.093056
0 0.173047 0.421528 0.046094 0.104167
0 0.251563 0.460417 0.054688 0.093056
0 0.564062 0.533333 0.067188 0.066667
0 0.639453 0.107639 0.028906 0.073611
0 0.844531 0.344444 0.051562 0.075000
0 0.895703 0.317361 0.039844 0.123611
0 0.910547 0.172917 0.028906 0.126389
0 0.682031 0.935417 0.053125 0.065278
