0 0.857031 0.110417 0.034375 0.101389
0 0.916016 0.797917 0.033594 0.087500
0 0.875781 0.872917 0.065625 0.090278
0 0.788672 0.649306 0.077344 0.126389
0 0.552734 0.177778 0.046094 0.108333
0 0.365234 0.033333 0.044531 0.066667
0 0.309375 0.145833 0.026563 0.077778
0 0.364062 0.520139 0.040625 0.056944
0 0.446094 0.513889 0.046875 0.083333
0 0.255859 0.107639 0.025781 0.054167
0 0.200781 0.034028 0.039063 0.062500
0 0.161328 0.043056 0.027344 0.063889
0 0.095312 0.288889 0.062500 0.080556
0 0.012500 0.068056 0.025000 0.111111
0 0.707422 0.943056 0.025781 0.052778
