0 0.820703 0.097222 0.027344 0.041667
0 0.784375 0.184028 0.028125 0.087500
0 0.748828 0.193056 0.025781 0.038889
0 0.736719 0.150694 0.025000 0.065278
0 0.797656 0.643056 0.020312 0.086111
0 0.673828 0.128472 0.022656 0.070833
0 0.682813 0.052778 0.028125 0.047222
0 0.624219 0.309722 0.028125 0.063889
0 0.543750 0.116667 0.018750 0.058333
0 0.456250 0.078472 0.042188 0.073611
0 0.456250 0.197222 0.026563 0.061111
0 0.426562 0.213889 0.023438 0.066667
0 0.364453 0.113889 0.027344 0.077778
0 0.230859 0.154167 0.024219 0.072222
0 0.186328 0.197917 0.030469 0.070833
0 0.297656 0.495139 0.031250 0.048611
