0 0.642969 0.356944 0.039063 0.097222
0 0.664453 0.278472 0.036719 0.079167
0 0.603906 0.067361 0.028125 0.065278
0 0.432813 0.213194 0.034375 0.079167
0 0.455469 0.459722 0.035937 0.091667
0 0.274609 0.084028 0.022656 0.073611
0 0.278516 0.378472 0.041406 0.087500
0 0.153516 0.365972 0.028906 0.098611
0 0.106250 0.188889 0.025000 0.072222
0 0.125781 0.174306 0.025000 0.070833
0 0.108203 0.131944 0.024219 0.050000
0 0.081250 0.052778 0.039063 0.077778
0 0.007422 0.147917 0.014844 0.073611
0 0.032812 0.260417 0.032812 0.090278
0 0.012109 0.390278 0.024219 0.075000
0 0.012109 0.487500 0.024219 0.052778
0 0.017188 0.543750 0.032812 0.040278
0 0.059375 0.518750 0.028125 0.037500
0 0.010547 0.601389 0.021094 0.052778
0 0.103125 0.696528 0.032812 0.059722
0 0.185937 0.769444 0.032812 0.066667
0 0.242188 0.937500 0.042188 0.080556
0 0.339453 0.844444 0.038281 0.077778
0 0.349219 0.668056 0.040625 0.094444
