0 0.855078 0.038194 0.032031 0.073611
0 0.827734 0.139583 0.038281 0.081944
0 0.786719 0.235417 0.026563 0.084722
0 0.739062 0.204861 0.031250 0.076389
0 0.680078 0.093056 0.033594 0.072222
0 0.674219 0.184028 0.031250 0.073611
0 0.616406 0.347222 0.043750 0.058333
0 0.553516 0.145139 0.041406 0.093056
0 0.463281 0.118750 0.043750 0.073611
0 0.458594 0.229167 0.028125 0.063889
0 0.436719 0.191667 0.026563 0.058333
0 0.311328 0.212500 0.025781 0.063889
0 0.232031 0.213194 0.032812 0.068056
0 0.199219 0.231944 0.037500 0.077778
0 0.111719 0.425694 0.026563 0.034722
0 0.307031 0.526389 0.034375 0.069444
