0 0.423438 0.286111 0.046875 0.083333
0 0.435547 0.246528 0.025781 0.054167
0 0.379297 0.130556 0.038281 0.077778
0 0.347656 0.219444 0.032812 0.072222
0 0.367578 0.502083 0.036719 0.093056
0 0.399609 0.511111 0.033594 0.072222
0 0.463672 0.534028 0.030469 0.065278
0 0.267188 0.679861 0.040625 0.065278
0 0.205078 0.613889 0.030469 0.072222
0 0.167578 0.856944 0.039844 0.069444
0 0.061719 0.911806 0.043750 0.084722
0 0.117188 0.981250 0.023438 0.037500
0 0.239063 0.927083 0.021875 0.034722
0 0.285547 0.961806 0.042969 0.054167
0 0.557031 0.636806 0.031250 0.076389
0 0.579687 0.777778 0.023438 0.066667
0 0.567969 0.955556 0.040625 0.058333
0 0.682422 0.906944 0.024219 0.061111
0 0.732422 0.968750 0.041406 0.062500
0 0.750000 0.879167 0.020312 0.050000
0 0.699609 0.794444 0.022656 0.077778
0 0.741406 0.773611 0.021875 0.108333
0 0.862109 0.950694 0.017969 0.070833
0 0.879297 0.974306 0.024219 0.051389
0 0.894922 0.908333 0.030469 0.052778
0 0.987109 0.870139 0.024219 0.059722
0 0.951172 0.731944 0.049219 0.100000
0 0.935938 0.640972 0.032812 0.093056
0 0.967578 0.656944 0.027344 0.072222
0 0.920703 0.479167 0.035156 0.066667
0 0.970703 0.272222 0.041406 0.077778
0 0.917188 0.105556 0.023438 0.069444
0 0.916797 0.231944 0.038281 0.080556
0 0.919141 0.310417 0.030469 0.051389
0 0.888281 0.264583 0.020312 0.056944
0 0.832812 0.308333 0.056250 0.072222
0 0.868750 0.404167 0.043750 0.083333
0 0.831641 0.438194 0.030469 0.079167
0 0.807031 0.474306 0.039063 0.081944
0 0.828516 0.565278 0.019531 0.066667
0 0.853516 0.588194 0.024219 0.079167
0 0.745313 0.478472 0.026563 0.065278
0 0.740234 0.577083 0.035156 0.059722
0 0.725781 0.625000 0.034375 0.066667
0 0.655078 0.674306 0.039844 0.068056
0 0.615234 0.615972 0.028906 0.059722
0 0.645312 0.565972 0.032812 0.079167
0 0.601563 0.520139 0.043750 0.081944
0 0.633594 0.477083 0.029687 0.076389
0 0.653516 0.384722 0.036719 0.063889
0 0.625000 0.374306 0.021875 0.040278
0 0.576953 0.414583 0.025781 0.068056
0 0.549609 0.456944 0.021094 0.058333
0 0.516797 0.350694 0.025781 0.076389
0 0.578906 0.325000 0.028125 0.063889
0 0.541797 0.254167 0.019531 0.047222
0 0.581641 0.165972 0.044531 0.054167
0 0.598047 0.265972 0.028906 0.079167
0 0.619922 0.200694 0.027344 0.073611
0 0.653516 0.165972 0.025781 0.131944
0 0.717969 0.052778 0.057813 0.055556
0 0.744922 0.302778 0.033594 0.122222
0 0.699219 0.368056 0.018750 0.063889
0 0.692969 0.281944 0.021875 0.058333
