0 0.690625 0.124306 0.029687 0.054167
0 0.649609 0.178472 0.024219 0.098611
0 0.628125 0.286111 0.037500 0.072222
0 0.501562 0.180556 0.021875 0.086111
0 0.726563 0.450694 0.018750 0.056944
0 0.811719 0.539583 0.020312 0.051389
0 0.792969 0.629861 0.028125 0.076389
0 0.782422 0.564583 0.013281 0.045833
0 0.748438 0.603472 0.031250 0.073611
0 0.735937 0.507639 0.015625 0.031944
0 0.718359 0.530556 0.027344 0.083333
0 0.707812 0.581944 0.026563 0.077778
0 0.681641 0.805556 0.033594 0.086111
0 0.325781 0.776389 0.018750 0.041667
0 0.089062 0.344444 0.025000 0.097222
0 0.146094 0.900694 0.023438 0.062500
