0 0.803906 0.615972 0.026563 0.048611
0 0.772656 0.522917 0.029687 0.056944
0 0.830078 0.377083 0.019531 0.051389
0 0.790625 0.358333 0.025000 0.055556
0 0.771484 0.230556 0.024219 0.047222
0 0.751562 0.093750 0.023438 0.059722
0 0.814062 0.052083 0.032812 0.056944
0 0.723828 0.043750 0.028906 0.043056
0 0.719141 0.094444 0.027344 0.069444
0 0.710547 0.320833 0.025781 0.052778
0 0.679688 0.297917 0.029687 0.073611
0 0.660937 0.125000 0.026563 0.052778
0 0.655469 0.091667 0.017188 0.041667
0 0.657812 0.057639 0.020312 0.040278
0 0.630469 0.022222 0.032812 0.030556
0 0.607031 0.084722 0.015625 0.055556
0 0.622266 0.150000 0.019531 0.036111
0 0.638672 0.199306 0.017969 0.062500
0 0.587891 0.154861 0.021094 0.045833
0 0.644141 0.278472 0.024219 0.059722
0 0.627734 0.251389 0.017969 0.052778
0 0.587109 0.277083 0.022656 0.054167
0 0.601953 0.364583 0.021094 0.056944
0 0.627344 0.422222 0.026563 0.058333
0 0.577734 0.399306 0.028906 0.034722
0 0.554297 0.432639 0.019531 0.048611
0 0.580078 0.552778 0.022656 0.069444
0 0.600391 0.598611 0.016406 0.033333
0 0.607813 0.648611 0.017188 0.066667
0 0.572266 0.708333 0.030469 0.080556
0 0.550781 0.602083 0.020312 0.054167
0 0.567578 0.265278 0.025781 0.044444
0 0.544922 0.193056 0.014844 0.050000
0 0.532031 0.118056 0.018750 0.050000
0 0.562891 0.095139 0.030469 0.056944
0 0.559375 0.055556 0.026563 0.083333
0 0.531641 0.025000 0.028906 0.047222
0 0.509766 0.052778 0.030469 0.069444
0 0.487109 0.041667 0.014844 0.033333
0 0.482422 0.093750 0.033594 0.079167
0 0.502344 0.199306 0.015625 0.062500
0 0.451562 0.120833 0.032812 0.033333
0 0.450000 0.177083 0.032812 0.048611
0 0.420703 0.150694 0.028906 0.043056
0 0.419141 0.081944 0.032031 0.050000
0 0.484375 0.239583 0.021875 0.026389
0 0.462891 0.236111 0.027344 0.044444
0 0.493750 0.287500 0.046875 0.047222
0 0.483594 0.311111 0.032812 0.044444
0 0.455469 0.336111 0.028125 0.036111
0 0.444922 0.375694 0.027344 0.045833
0 0.405469 0.313889 0.034375 0.052778
0 0.429297 0.291667 0.032031 0.077778
0 0.461719 0.530556 0.026563 0.094444
0 0.486328 0.700694 0.019531 0.095833
0 0.416406 0.575000 0.023438 0.058333
0 0.410547 0.461111 0.019531 0.061111
0 0.392578 0.615972 0.025781 0.068056
0 0.387500 0.735417 0.031250 0.073611
0 0.331641 0.756250 0.022656 0.062500
0 0.301172 0.884028 0.021094 0.065278
0 0.250000 0.883333 0.029687 0.061111
0 0.277734 0.700000 0.025781 0.072222
0 0.306641 0.650000 0.025781 0.075000
0 0.202344 0.689583 0.026563 0.062500
0 0.161328 0.670833 0.035156 0.108333
0 0.177734 0.777778 0.016406 0.055556
0 0.167187 0.839583 0.029687 0.045833
0 0.158594 0.898611 0.037500 0.058333
0 0.138672 0.960417 0.060156 0.068056
0 0.112891 0.900694 0.028906 0.029167
0 0.107422 0.847222 0.038281 0.058333
0 0.044922 0.959028 0.042969 0.029167
0 0.078516 0.535417 0.032031 0.079167
0 0.197266 0.572917 0.028906 0.054167
0 0.129297 0.469444 0.024219 0.052778
0 0.218750 0.442361 0.025000 0.034722
0 0.198437 0.373611 0.025000 0.050000
0 0.286328 0.322917 0.021094 0.043056
0 0.257031 0.282639 0.018750 0.045833
0 0.167578 0.279167 0.050781 0.050000
0 0.238672 0.090278 0.027344 0.050000
0 0.310156 0.098611 0.031250 0.047222
