0 0.626953 0.065972 0.044531 0.081944
0 0.601563 0.456250 0.046875 0.090278
0 0.705469 0.539583 0.035937 0.112500
0 0.737109 0.399306 0.039844 0.101389
0 0.735156 0.689583 0.035937 0.084722
0 0.701563 0.768750 0.032812 0.073611
0 0.860156 0.452083 0.046875 0.106944
0 0.951563 0.418056 0.040625 0.061111
0 0.902734 0.109722 0.042969 0.055556
0 0.846094 0.152778 0.045313 0.075000
0 0.705078 0.278472 0.058594 0.090278
0 0.968750 0.680556 0.043750 0.102778
0 0.935156 0.884028 0.053125 0.065278
0 0.967578 0.920833 0.025781 0.066667
0 0.153906 0.331250 0.037500 0.065278
0 0.167578 0.029167 0.046094 0.044444
