0 0.679688 0.282639 0.050000 0.070833
0 0.691797 0.326389 0.035156 0.050000
0 0.691016 0.369444 0.032031 0.047222
0 0.756250 0.413889 0.039063 0.063889
0 0.789063 0.390278 0.037500 0.083333
0 0.775000 0.320833 0.029687 0.072222
0 0.741016 0.243056 0.038281 0.091667
0 0.779688 0.246528 0.032812 0.062500
0 0.807422 0.246528 0.049219 0.043056
0 0.792578 0.190278 0.032031 0.066667
0 0.807031 0.157639 0.025000 0.051389
0 0.836328 0.163889 0.038281 0.113889
0 0.879687 0.237500 0.032812 0.066667
0 0.867188 0.305556 0.034375 0.083333
0 0.727734 0.623611 0.044531 0.127778
0 0.657812 0.674306 0.028125 0.084722
0 0.642969 0.568750 0.039063 0.095833
0 0.795313 0.827778 0.032812 0.086111
0 0.703906 0.975000 0.026563 0.041667
0 0.515625 0.962500 0.029687 0.055556
0 0.530859 0.918750 0.041406 0.062500
0 0.493750 0.900694 0.031250 0.062500
0 0.470703 0.799306 0.032031 0.068056
0 0.468750 0.698611 0.028125 0.069444
0 0.520312 0.393750 0.043750 0.098611
0 0.522266 0.272222 0.019531 0.069444
0 0.509375 0.236806 0.040625 0.059722
0 0.468750 0.226389 0.020312 0.105556
0 0.422266 0.208333 0.025781 0.080556
0 0.564062 0.069444 0.039063 0.069444
0 0.624609 0.102778 0.033594 0.075000
0 0.623828 0.175694 0.024219 0.062500
0 0.650391 0.193750 0.027344 0.051389
0 0.390625 0.126389 0.026563 0.080556
0 0.346875 0.164583 0.020312 0.062500
0 0.355859 0.337500 0.022656 0.083333
0 0.325000 0.492361 0.023438 0.076389
0 0.396094 0.911111 0.039063 0.094444
0 0.303906 0.663889 0.037500 0.069444
0 0.301953 0.724306 0.024219 0.084722
0 0.139062 0.909722 0.026563 0.072222
0 0.069922 0.665972 0.038281 0.076389
0 0.087109 0.636806 0.028906 0.070833
0 0.082422 0.529167 0.039844 0.063889
0 0.015625 0.496528 0.031250 0.059722
0 0.158203 0.213889 0.039844 0.069444
0 0.189453 0.300000 0.033594 0.044444
0 0.201953 0.372917 0.028906 0.065278
0 0.202344 0.470833 0.046875 0.061111
0 0.177344 0.544444 0.039063 0.075000
0 0.252344 0.402083 0.037500 0.056944
0 0.269531 0.178472 0.046875 0.070833
0 0.278516 0.043750 0.030469 0.065278
0 0.214844 0.045139 0.053125 0.076389
