0 0.743359 0.213194 0.039844 0.040278
0 0.960938 0.029167 0.026563 0.047222
0 0.942578 0.050000 0.021094 0.052778
0 0.702344 0.026389 0.020312 0.038889
0 0.489062 0.059028 0.029687 0.054167
0 0.578125 0.204167 0.034375 0.063889
0 0.478516 0.022222 0.024219 0.038889
0 0.468359 0.177083 0.025781 0.076389
0 0.482031 0.302778 0.028125 0.061111
0 0.482031 0.372222 0.023438 0.061111
0 0.499609 0.484028 0.016406 0.059722
0 0.455859 0.470139 0.022656 0.043056
0 0.450000 0.356944 0.018750 0.047222
0 0.415234 0.143750 0.024219 0.098611
0 0.392188 0.125000 0.018750 0.075000
0 0.368359 0.053472 0.027344 0.070833
0 0.362109 0.107639 0.021094 0.070833
0 0.371094 0.171528 0.021875 0.048611
0 0.342187 0.095833 0.028125 0.088889
0 0.313281 0.041667 0.026563 0.066667
0 0.310156 0.134028 0.020312 0.070833
0 0.292578 0.119444 0.021094 0.050000
0 0.291016 0.156250 0.017969 0.043056
0 0.263281 0.213194 0.020312 0.056944
0 0.288672 0.400694 0.025781 0.076389
0 0.316016 0.335417 0.016406 0.043056
0 0.333984 0.379861 0.019531 0.045833
0 0.324609 0.440278 0.017969 0.061111
0 0.180859 0.259722 0.030469 0.066667
0 0.121094 0.281944 0.035937 0.069444
0 0.054688 0.323611 0.050000 0.088889
0 0.118359 0.765972 0.022656 0.026389
0 0.187500 0.738194 0.020312 0.070833
0 0.092578 0.136111 0.021094 0.075000
