0 0.186328 0.323611 0.042969 0.116667
0 0.089062 0.426389 0.042188 0.094444
0 0.171875 0.690278 0.042188 0.116667
0 0.386719 0.714583 0.026563 0.090278
0 0.502344 0.924306 0.046875 0.112500
0 0.512891 0.981250 0.022656 0.037500
0 0.534766 0.986806 0.016406 0.026389
0 0.532422 0.708333 0.038281 0.080556
0 0.585938 0.702778 0.045313 0.072222
0 0.526172 0.579861 0.030469 0.062500
0 0.558203 0.560417 0.038281 0.104167
0 0.392578 0.313889 0.033594 0.063889
0 0.367578 0.244444 0.025781 0.091667
0 0.392188 0.095139 0.023438 0.062500
0 0.508594 0.275000 0.025000 0.075000
0 0.727344 0.286806 0.039063 0.076389
0 0.719531 0.236111 0.031250 0.036111
0 0.755078 0.215278 0.036719 0.069444
0 0.787109 0.239583 0.032031 0.065278
0 0.778125 0.152083 0.029687 0.068056
0 0.832031 0.405556 0.062500 0.097222
0 0.983984 0.502778 0.030469 0.097222
0 0.966016 0.334722 0.041406 0.072222
0 0.925000 0.250000 0.051562 0.075000
0 0.876172 0.061806 0.039844 0.048611
0 0.901953 0.039583 0.024219 0.073611
0 0.688672 0.084722 0.030469 0.055556
0 0.681641 0.127778 0.047656 0.066667
