0 0.433984 0.215278 0.022656 0.036111
0 0.066797 0.411806 0.030469 0.045833
0 0.091406 0.802083 0.025000 0.048611
0 0.071484 0.879861 0.016406 0.040278
0 0.048828 0.879167 0.017969 0.041667
0 0.264062 0.554861 0.020312 0.045833
0 0.278516 0.623611 0.016406 0.041667
0 0.306250 0.843750 0.023438 0.043056
0 0.152344 0.926389 0.012500 0.036111
0 0.328516 0.915972 0.014844 0.023611
0 0.350781 0.880556 0.017188 0.033333
0 0.380469 0.822222 0.028125 0.088889
0 0.432422 0.702778 0.017969 0.063889
0 0.456250 0.590972 0.012500 0.051389
0 0.463281 0.552083 0.015625 0.037500
0 0.562109 0.354167 0.025781 0.033333
0 0.633203 0.740278 0.019531 0.047222
0 0.658203 0.775000 0.019531 0.050000
0 0.697656 0.830556 0.020312 0.047222
0 0.640234 0.940278 0.024219 0.050000
0 0.560156 0.967361 0.026563 0.043056
0 0.483594 0.960417 0.023438 0.054167
0 0.382422 0.976389 0.017969 0.036111
0 0.826563 0.981944 0.029687 0.030556
0 0.860156 0.651389 0.014062 0.027778
0 0.857422 0.611806 0.014844 0.034722
