0 0.832812 0.035417 0.014062 0.068056
0 0.857422 0.665278 0.035156 0.075000
0 0.591797 0.383333 0.032031 0.030556
0 0.576172 0.431250 0.022656 0.045833
0 0.575391 0.477778 0.019531 0.047222
0 0.552344 0.749306 0.032812 0.059722
0 0.475391 0.540278 0.024219 0.030556
0 0.469141 0.465278 0.027344 0.063889
0 0.483203 0.047222 0.025781 0.055556
0 0.348437 0.054167 0.039063 0.080556
0 0.303516 0.177083 0.033594 0.040278
0 0.313672 0.231944 0.030469 0.069444
0 0.348828 0.318056 0.032031 0.066667
0 0.363672 0.438889 0.025781 0.072222
0 0.350781 0.512500 0.026563 0.077778
0 0.206250 0.633333 0.032812 0.058333
