0 0.055469 0.599306 0.051562 0.068056
0 0.111328 0.740278 0.035156 0.075000
0 0.137891 0.737500 0.028906 0.077778
0 0.121094 0.613889 0.040625 0.075000
0 0.204297 0.629861 0.053906 0.084722
0 0.225781 0.732639 0.037500 0.079167
0 0.231641 0.545139 0.032031 0.059722
0 0.230078 0.444444 0.036719 0.066667
0 0.225781 0.357639 0.042188 0.056944
0 0.198047 0.255556 0.042969 0.055556
0 0.255469 0.101389 0.029687 0.083333
0 0.227344 0.087500 0.034375 0.083333
0 0.134766 0.032639 0.030469 0.051389
0 0.287109 0.486806 0.036719 0.106944
0 0.357812 0.577083 0.039063 0.101389
0 0.339453 0.760417 0.036719 0.115278
0 0.509766 0.795139 0.047656 0.090278
0 0.508594 0.883333 0.032812 0.050000
0 0.527734 0.968750 0.035156 0.062500
0 0.840625 0.923611 0.042188 0.100000
0 0.711719 0.770833 0.035937 0.091667
0 0.687500 0.573611 0.039063 0.105556
0 0.775000 0.697222 0.039063 0.116667
0 0.794141 0.515278 0.032031 0.111111
0 0.821875 0.458333 0.034375 0.072222
0 0.806641 0.401389 0.038281 0.066667
0 0.786719 0.317361 0.037500 0.104167
0 0.826172 0.326389 0.032031 0.088889
0 0.825781 0.249306 0.028125 0.093056
0 0.844141 0.234028 0.028906 0.059722
0 0.877734 0.275694 0.027344 0.073611
0 0.905078 0.311111 0.039844 0.069444
0 0.908984 0.393056 0.041406 0.066667
0 0.959766 0.058333 0.033594 0.069444
0 0.639063 0.196528 0.028125 0.059722
0 0.664453 0.265972 0.021094 0.043056
0 0.683984 0.283333 0.042969 0.033333
0 0.703516 0.379861 0.038281 0.081944
0 0.726953 0.402778 0.032031 0.047222
0 0.723828 0.438889 0.047656 0.055556
0 0.604297 0.149306 0.032031 0.084722
0 0.614844 0.032639 0.028125 0.059722
0 0.591406 0.061111 0.026563 0.083333
0 0.512891 0.024306 0.032031 0.043056
0 0.421875 0.047222 0.031250 0.047222
0 0.406641 0.081250 0.024219 0.081944
0 0.378125 0.073611 0.026563 0.066667
0 0.320703 0.120139 0.030469 0.073611
0 0.303906 0.264583 0.031250 0.073611
0 0.389062 0.420139 0.032812 0.079167
0 0.379297 0.230556 0.028906 0.066667
0 0.425781 0.224306 0.035937 0.098611
0 0.470703 0.358333 0.033594 0.100000
0 0.510547 0.397917 0.030469 0.079167
0 0.534375 0.338889 0.025000 0.111111
0 0.554688 0.308333 0.025000 0.100000
0 0.562109 0.477083 0.042969 0.098611
