0 0.545703 0.210417 0.011719 0.031944
0 0.608203 0.286806 0.025781 0.056944
0 0.666406 0.488194 0.014062 0.037500
0 0.633594 0.590972 0.026563 0.051389
0 0.454297 0.731250 0.021094 0.037500
0 0.424219 0.493056 0.018750 0.027778
0 0.341797 0.933333 0.024219 0.038889
0 0.265234 0.658333 0.028906 0.041667
0 0.293750 0.222917 0.021875 0.031944
0 0.306641 0.129861 0.024219 0.065278
0 0.183984 0.203472 0.011719 0.031944
0 0.138281 0.284028 0.021875 0.043056
0 0.053516 0.242361 0.014844 0.068056
0 0.051172 0.314583 0.014844 0.048611
0 0.080469 0.418750 0.018750 0.056944
0 0.105078 0.452778 0.019531 0.052778
0 0.021875 0.386806 0.018750 0.045833
0 0.139062 0.652778 0.028125 0.038889
0 0.011719 0.544444 0.023438 0.050000
0 0.008203 0.793056 0.016406 0.052778
0 0.041406 0.792361 0.021875 0.043056
0 0.091406 0.956944 0.017188 0.038889
