0 0.041797 0.211806 0.021094 0.043056
0 0.020312 0.134028 0.018750 0.056944
0 0.157813 0.383333 0.018750 0.025000
0 0.154297 0.448611 0.021094 0.041667
0 0.169922 0.434028 0.019531 0.065278
0 0.218750 0.307639 0.023438 0.076389
0 0.235547 0.154861 0.022656 0.065278
0 0.383984 0.237500 0.016406 0.038889
0 0.418359 0.334028 0.014844 0.037500
0 0.088672 0.450694 0.028906 0.040278
0 0.108594 0.544444 0.026563 0.050000
0 0.072266 0.543056 0.014844 0.027778
0 0.107813 0.614583 0.023438 0.048611
0 0.041016 0.670139 0.022656 0.037500
0 0.081641 0.757639 0.022656 0.040278
0 0.169922 0.769444 0.021094 0.036111
0 0.155078 0.797222 0.021094 0.038889
0 0.187891 0.793056 0.035156 0.047222
0 0.108203 0.918750 0.028906 0.037500
0 0.141406 0.934028 0.018750 0.059722
0 0.189453 0.925694 0.022656 0.031944
0 0.250781 0.886806 0.015625 0.040278
0 0.281250 0.891667 0.014062 0.050000
0 0.166016 0.677778 0.021094 0.038889
0 0.185937 0.659722 0.021875 0.044444
0 0.173438 0.587500 0.026563 0.058333
0 0.279297 0.584028 0.022656 0.065278
0 0.360156 0.580556 0.026563 0.052778
0 0.435547 0.550694 0.017969 0.051389
0 0.355859 0.666667 0.022656 0.055556
0 0.406250 0.647222 0.018750 0.050000
0 0.368750 0.718056 0.018750 0.033333
0 0.343750 0.739583 0.025000 0.040278
0 0.370313 0.820833 0.017188 0.033333
0 0.386719 0.829861 0.015625 0.029167
0 0.507031 0.400694 0.018750 0.048611
0 0.486328 0.826389 0.022656 0.047222
0 0.466797 0.864583 0.019531 0.065278
0 0.485938 0.875694 0.021875 0.062500
0 0.473828 0.954861 0.022656 0.059722
0 0.539844 0.790278 0.020312 0.047222
0 0.520312 0.742361 0.015625 0.040278
0 0.557422 0.661806 0.013281 0.031944
0 0.608594 0.593056 0.023438 0.052778
0 0.602344 0.652083 0.025000 0.051389
0 0.618359 0.688194 0.022656 0.031944
0 0.588281 0.765972 0.021875 0.043056
0 0.608594 0.785417 0.023438 0.045833
0 0.640234 0.776389 0.024219 0.072222
0 0.630078 0.228472 0.013281 0.029167
0 0.632422 0.181250 0.011719 0.037500
0 0.802344 0.580556 0.025000 0.066667
0 0.814844 0.860417 0.026563 0.037500
