0 0.620703 0.347917 0.044531 0.068056
0 0.666797 0.298611 0.035156 0.069444
0 0.597656 0.409028 0.029687 0.043056
0 0.602734 0.454861 0.036719 0.045833
0 0.524219 0.409722 0.037500 0.077778
0 0.654297 0.646528 0.024219 0.079167
0 0.489062 0.027778 0.028125 0.050000
0 0.367969 0.019444 0.032812 0.033333
0 0.334766 0.196528 0.035156 0.043056
0 0.319922 0.140278 0.032031 0.058333
0 0.357812 0.290972 0.034375 0.062500
0 0.377344 0.434028 0.035937 0.062500
0 0.364844 0.472222 0.026563 0.047222
0 0.220703 0.613889 0.035156 0.052778
