0 0.876953 0.222222 0.038281 0.077778
0 0.780078 0.029861 0.032031 0.056944
0 0.603125 0.201389 0.031250 0.069444
0 0.560547 0.157639 0.025781 0.068056
0 0.531250 0.127778 0.028125 0.058333
0 0.509375 0.315972 0.031250 0.056944
0 0.443750 0.323611 0.040625 0.066667
0 0.415625 0.333333 0.020312 0.063889
0 0.443359 0.128472 0.016406 0.079167
0 0.363281 0.100000 0.029687 0.055556
0 0.369922 0.044444 0.030469 0.061111
0 0.364453 0.180556 0.024219 0.033333
0 0.356641 0.148611 0.024219 0.052778
0 0.339063 0.124306 0.020312 0.065278
0 0.318359 0.068056 0.035156 0.063889
0 0.281641 0.093056 0.033594 0.066667
0 0.275000 0.151389 0.026563 0.058333
0 0.249219 0.146528 0.025000 0.051389
0 0.231250 0.090972 0.029687 0.065278
0 0.244922 0.322222 0.036719 0.044444
0 0.318750 0.365972 0.040625 0.054167
0 0.142969 0.230556 0.029687 0.069444
0 0.094922 0.201389 0.035156 0.080556
0 0.048047 0.104861 0.022656 0.065278
0 0.011719 0.297222 0.023438 0.088889
0 0.116016 0.709028 0.025781 0.068056
0 0.156641 0.707639 0.019531 0.040278
