0 0.022266 0.415972 0.035156 0.068056
0 0.113281 0.345833 0.026563 0.055556
0 0.171484 0.330556 0.032031 0.063889
0 0.102344 0.861111 0.043750 0.061111
0 0.292578 0.431250 0.025781 0.073611
0 0.311328 0.424306 0.028906 0.059722
0 0.329297 0.494444 0.000781 0.011111
0 0.331641 0.517361 0.024219 0.062500
0 0.295703 0.218750 0.025781 0.070833
0 0.313672 0.191667 0.030469 0.066667
0 0.326562 0.074306 0.023438 0.056944
0 0.310937 0.046528 0.031250 0.034722
0 0.376953 0.073611 0.042969 0.075000
0 0.410156 0.171528 0.043750 0.051389
0 0.368750 0.156250 0.034375 0.059722
0 0.337891 0.160417 0.028906 0.045833
0 0.366406 0.236806 0.026563 0.054167
0 0.281250 0.158333 0.032812 0.041667
0 0.334766 0.390972 0.035156 0.056944
0 0.312500 0.277778 0.025000 0.055556
0 0.439063 0.376389 0.031250 0.044444
0 0.511719 0.469444 0.046875 0.063889
0 0.528906 0.322917 0.031250 0.048611
0 0.597656 0.278472 0.034375 0.051389
0 0.518359 0.091667 0.038281 0.075000
0 0.551562 0.068056 0.039063 0.083333
0 0.482031 0.088194 0.025000 0.031944
0 0.448828 0.187500 0.024219 0.041667
0 0.719531 0.047917 0.028125 0.031944
0 0.750000 0.274306 0.029687 0.031944
0 0.965625 0.101389 0.025000 0.061111
0 0.940625 0.109028 0.028125 0.062500
0 0.076172 0.191667 0.013281 0.044444
