0 0.069531 0.119444 0.023438 0.052778
0 0.096875 0.129861 0.026563 0.054167
0 0.079297 0.080556 0.032031 0.044444
0 0.028516 0.477778 0.027344 0.075000
0 0.061328 0.647222 0.017969 0.038889
0 0.132031 0.321528 0.031250 0.073611
0 0.158594 0.743056 0.029687 0.091667
0 0.215234 0.906250 0.035156 0.065278
0 0.148047 0.968750 0.032031 0.062500
0 0.322656 0.642361 0.037500 0.059722
0 0.314844 0.815278 0.034375 0.088889
0 0.656641 0.237500 0.038281 0.066667
0 0.626953 0.321528 0.041406 0.065278
0 0.593359 0.045833 0.042969 0.058333
0 0.540625 0.124306 0.028125 0.062500
0 0.411328 0.187500 0.038281 0.075000
0 0.437891 0.440972 0.033594 0.084722
0 0.249609 0.331944 0.038281 0.075000
0 0.496094 0.911806 0.032812 0.076389
