0 0.839844 0.016667 0.023438 0.030556
0 0.795313 0.057639 0.026563 0.068056
0 0.756641 0.092361 0.030469 0.070833
0 0.751953 0.165278 0.021094 0.050000
0 0.714063 0.068750 0.034375 0.062500
0 0.732031 0.150694 0.017188 0.056944
0 0.605859 0.144444 0.027344 0.047222
0 0.662109 0.277778 0.035156 0.061111
0 0.554297 0.182639 0.039844 0.065278
0 0.399609 0.113889 0.024219 0.050000
0 0.260547 0.084722 0.038281 0.075000
0 0.191797 0.106944 0.003906 0.016667
0 0.200781 0.156944 0.025000 0.083333
0 0.151562 0.325694 0.028125 0.065278
0 0.125391 0.424306 0.021094 0.059722
0 0.064062 0.390972 0.026563 0.034722
0 0.305859 0.533333 0.033594 0.027778
0 0.328906 0.636111 0.017188 0.075000
