0 0.787109 0.122222 0.025781 0.088889
0 0.730859 0.315278 0.032031 0.052778
0 0.719141 0.240972 0.024219 0.065278
0 0.698047 0.257639 0.022656 0.076389
0 0.671484 0.185417 0.019531 0.068056
0 0.694141 0.099306 0.022656 0.093056
0 0.671875 0.023611 0.021875 0.047222
0 0.667188 0.064583 0.025000 0.068056
0 0.655859 0.067361 0.032031 0.020833
0 0.646484 0.036111 0.016406 0.047222
0 0.641406 0.104167 0.029687 0.058333
0 0.631641 0.135417 0.017969 0.034722
0 0.630859 0.208333 0.019531 0.036111
0 0.647266 0.208333 0.019531 0.030556
0 0.661328 0.256944 0.017969 0.050000
0 0.644141 0.376389 0.021094 0.055556
0 0.618359 0.318750 0.019531 0.040278
0 0.605469 0.332639 0.020312 0.054167
0 0.608594 0.247917 0.017188 0.034722
0 0.608594 0.197917 0.025000 0.070833
0 0.603125 0.138194 0.014062 0.040278
0 0.608984 0.088194 0.011719 0.056944
0 0.600781 0.018056 0.026563 0.022222
0 0.582031 0.109722 0.017188 0.044444
0 0.572266 0.131250 0.016406 0.051389
0 0.578906 0.222222 0.021875 0.061111
0 0.563281 0.418056 0.018750 0.050000
0 0.547266 0.531944 0.028906 0.038889
0 0.539453 0.552083 0.019531 0.040278
0 0.509766 0.531944 0.027344 0.041667
0 0.500781 0.604861 0.017188 0.023611
0 0.477734 0.507639 0.017969 0.045833
0 0.463281 0.465278 0.020312 0.075000
0 0.517578 0.383333 0.017969 0.077778
0 0.535156 0.250694 0.026563 0.040278
0 0.526953 0.189583 0.016406 0.056944
0 0.532812 0.151389 0.015625 0.044444
0 0.542578 0.056250 0.025781 0.043056
0 0.500391 0.106250 0.017969 0.051389
0 0.521094 0.089583 0.031250 0.062500
0 0.515234 0.044444 0.016406 0.044444
0 0.518750 0.006944 0.020312 0.008333
0 0.437109 0.702778 0.039844 0.061111
0 0.490625 0.977083 0.023438 0.045833
0 0.372266 0.602778 0.021094 0.061111
0 0.321484 0.812500 0.030469 0.050000
0 0.290234 0.727083 0.039844 0.079167
0 0.181641 0.681944 0.017969 0.038889
0 0.201172 0.713194 0.021094 0.045833
0 0.214062 0.662500 0.018750 0.077778
0 0.215625 0.602778 0.020312 0.050000
0 0.207422 0.497917 0.027344 0.065278
0 0.086328 0.715278 0.032031 0.044444
0 0.053516 0.666667 0.027344 0.041667
0 0.077344 0.910417 0.039063 0.068056
0 0.166016 0.409722 0.027344 0.025000
0 0.162109 0.355556 0.019531 0.066667
0 0.173047 0.277083 0.024219 0.034722
0 0.254687 0.358333 0.040625 0.072222
0 0.330469 0.349306 0.021875 0.076389
0 0.482031 0.340972 0.021875 0.037500
0 0.494531 0.330556 0.018750 0.047222
0 0.477734 0.318750 0.010156 0.056944
0 0.492969 0.284722 0.017188 0.041667
0 0.498828 0.252778 0.013281 0.041667
0 0.473828 0.257639 0.011719 0.051389
0 0.481250 0.225694 0.015625 0.048611
0 0.499219 0.222917 0.017188 0.048611
0 0.478125 0.174306 0.023438 0.045833
0 0.464453 0.102083 0.024219 0.062500
0 0.454688 0.049306 0.020312 0.051389
0 0.435937 0.069444 0.026563 0.066667
0 0.426562 0.094444 0.015625 0.058333
0 0.406641 0.057639 0.017969 0.056944
0 0.445703 0.248611 0.022656 0.058333
0 0.391016 0.241667 0.019531 0.036111
0 0.397266 0.147222 0.017969 0.038889
0 0.370313 0.071528 0.021875 0.079167
0 0.327344 0.031944 0.020312 0.052778
0 0.230859 0.102083 0.030469 0.095833
0 0.307813 0.200000 0.029687 0.052778
0 0.297266 0.285417 0.017969 0.051389
0 0.303125 0.243750 0.026563 0.020833
