0 0.250000 0.441667 0.037500 0.063889
0 0.236328 0.288889 0.049219 0.091667
0 0.070703 0.683333 0.036719 0.075000
0 0.146094 0.715972 0.043750 0.051389
0 0.147266 0.815278 0.035156 0.072222
0 0.122266 0.829861 0.025781 0.054167
0 0.362500 0.882639 0.039063 0.070833
0 0.276172 0.672222 0.022656 0.041667
0 0.255469 0.620833 0.035937 0.063889
0 0.299219 0.561111 0.035937 0.080556
0 0.254297 0.539583 0.039844 0.065278
0 0.075781 0.075694 0.028125 0.070833
0 0.310937 0.038889 0.035937 0.052778
0 0.333594 0.070833 0.035937 0.044444
0 0.296484 0.070139 0.038281 0.059722
0 0.276563 0.156250 0.035937 0.093056
0 0.251172 0.179861 0.038281 0.070833
0 0.341016 0.209028 0.039844 0.048611
0 0.324219 0.341667 0.035937 0.069444
0 0.409375 0.496528 0.042188 0.068056
0 0.378906 0.678472 0.025000 0.068056
0 0.517578 0.884028 0.030469 0.062500
0 0.523828 0.971528 0.033594 0.051389
0 0.478906 0.418056 0.029687 0.077778
0 0.439844 0.289583 0.034375 0.079167
0 0.400391 0.311806 0.035156 0.081944
0 0.425000 0.155556 0.034375 0.069444
0 0.435547 0.113194 0.044531 0.065278
0 0.399609 0.148611 0.038281 0.075000
0 0.524219 0.081250 0.040625 0.070833
0 0.487891 0.012500 0.016406 0.019444
0 0.642578 0.063194 0.030469 0.056944
0 0.638672 0.129861 0.038281 0.051389
0 0.610156 0.107639 0.031250 0.043056
0 0.616797 0.157639 0.025781 0.051389
0 0.619922 0.219444 0.044531 0.083333
0 0.548437 0.440972 0.025000 0.054167
0 0.566406 0.459722 0.025000 0.038889
0 0.526172 0.493056 0.030469 0.075000
0 0.577734 0.564583 0.046094 0.054167
0 0.692578 0.660417 0.027344 0.054167
0 0.805859 0.823611 0.060156 0.136111
0 0.739062 0.867361 0.031250 0.073611
0 0.826172 0.600694 0.039844 0.093056
0 0.846094 0.559722 0.034375 0.077778
0 0.830078 0.486111 0.033594 0.069444
0 0.808594 0.438194 0.026563 0.037500
0 0.805859 0.390278 0.036719 0.083333
0 0.663672 0.314583 0.036719 0.062500
0 0.689844 0.343750 0.028125 0.043056
0 0.703516 0.370139 0.028906 0.043056
0 0.737500 0.455556 0.042188 0.058333
0 0.750391 0.497917 0.024219 0.034722
0 0.748047 0.525694 0.041406 0.045833
0 0.692187 0.050000 0.031250 0.063889
0 0.744531 0.033333 0.037500 0.061111
0 0.764453 0.065278 0.028906 0.047222
0 0.808203 0.064583 0.041406 0.045833
0 0.799609 0.026389 0.027344 0.030556
0 0.985547 0.153472 0.024219 0.065278
0 0.871094 0.318056 0.035937 0.055556
0 0.858203 0.356944 0.027344 0.055556
0 0.871094 0.420833 0.025000 0.055556
0 0.853125 0.413194 0.035937 0.048611
0 0.935938 0.484722 0.053125 0.069444
0 0.950391 0.410417 0.036719 0.056944
0 0.910156 0.377083 0.029687 0.056944
