0 0.778516 0.210417 0.021094 0.062500
0 0.784766 0.112500 0.030469 0.041667
0 0.837109 0.055556 0.038281 0.061111
0 0.745703 0.150694 0.024219 0.070833
0 0.715625 0.179861 0.032812 0.054167
0 0.698438 0.102083 0.021875 0.054167
0 0.636719 0.255556 0.028125 0.069444
0 0.536719 0.192361 0.040625 0.070833
0 0.543750 0.053472 0.028125 0.045833
0 0.458984 0.476389 0.022656 0.072222
0 0.289844 0.496528 0.032812 0.070833
0 0.292188 0.436111 0.026563 0.050000
0 0.197266 0.152778 0.022656 0.069444
0 0.233594 0.124306 0.040625 0.073611
0 0.130859 0.223611 0.041406 0.072222
0 0.118750 0.385417 0.026563 0.090278
0 0.055078 0.376389 0.025781 0.069444
