0 0.103125 0.123611 0.032812 0.047222
0 0.116797 0.078472 0.030469 0.043056
0 0.280859 0.122917 0.036719 0.079167
0 0.423828 0.220139 0.046094 0.081944
0 0.450000 0.093750 0.042188 0.079167
0 0.475391 0.045833 0.027344 0.047222
0 0.467969 0.020833 0.032812 0.041667
0 0.506641 0.034722 0.030469 0.047222
0 0.556641 0.182639 0.028906 0.065278
0 0.647266 0.277083 0.035156 0.059722
0 0.658203 0.483333 0.041406 0.080556
0 0.713281 0.435417 0.046875 0.070833
0 0.807031 0.333333 0.046875 0.091667
0 0.818359 0.159722 0.039844 0.097222
0 0.835938 0.573611 0.040625 0.108333
0 0.372656 0.835417 0.046875 0.081944
0 0.071875 0.351389 0.014062 0.055556
0 0.045313 0.141667 0.026563 0.063889
