0 0.682422 0.239583 0.041406 0.073611
0 0.657812 0.309028 0.032812 0.070833
0 0.622656 0.339583 0.046875 0.068056
0 0.612500 0.422222 0.029687 0.080556
0 0.623047 0.606944 0.046094 0.069444
0 0.894531 0.811806 0.046875 0.081944
0 0.394531 0.399306 0.034375 0.040278
0 0.373437 0.449306 0.031250 0.068056
0 0.385547 0.605556 0.028906 0.055556
0 0.246875 0.589583 0.042188 0.073611
0 0.373437 0.283333 0.029687 0.055556
0 0.348047 0.197917 0.032031 0.068056
0 0.329297 0.154167 0.025781 0.041667
0 0.167969 0.038889 0.031250 0.055556
0 0.351563 0.031250 0.031250 0.056944
0 0.386328 0.031944 0.021094 0.050000
0 0.549609 0.048611 0.028906 0.044444
