0 0.164063 0.053472 0.020312 0.045833
0 0.164453 0.020139 0.014844 0.029167
0 0.312109 0.097917 0.022656 0.040278
0 0.350781 0.201389 0.012500 0.047222
0 0.148438 0.175694 0.021875 0.048611
0 0.018359 0.314583 0.022656 0.040278
0 0.081641 0.322917 0.025781 0.043056
0 0.101563 0.299306 0.042188 0.087500
0 0.012109 0.410417 0.021094 0.040278
0 0.044922 0.490972 0.021094 0.037500
0 0.030859 0.422222 0.013281 0.038889
0 0.112109 0.455556 0.021094 0.044444
0 0.120703 0.545833 0.030469 0.047222
0 0.099609 0.554167 0.017969 0.044444
0 0.105859 0.647222 0.019531 0.036111
0 0.121875 0.663889 0.028125 0.047222
0 0.099609 0.675694 0.022656 0.062500
0 0.011328 0.623611 0.014844 0.033333
0 0.047266 0.803472 0.030469 0.051389
0 0.075781 0.790278 0.020312 0.047222
0 0.128906 0.789583 0.026563 0.037500
0 0.120703 0.959722 0.025781 0.044444
0 0.191797 0.761111 0.021094 0.041667
0 0.221484 0.779167 0.017969 0.050000
0 0.230469 0.734722 0.018750 0.055556
0 0.212891 0.467361 0.028906 0.068056
0 0.294141 0.463889 0.032031 0.061111
0 0.323047 0.461111 0.013281 0.044444
0 0.368750 0.436111 0.020312 0.041667
0 0.446875 0.277778 0.018750 0.036111
0 0.559375 0.097917 0.017188 0.031944
0 0.558984 0.046528 0.019531 0.043056
0 0.726563 0.461111 0.023438 0.066667
0 0.541797 0.461806 0.025781 0.054167
0 0.533594 0.532639 0.029687 0.037500
0 0.553906 0.567361 0.018750 0.031944
0 0.519141 0.570139 0.019531 0.034722
0 0.491406 0.538194 0.020312 0.031944
0 0.454688 0.620833 0.021875 0.047222
0 0.475000 0.667361 0.023438 0.043056
0 0.332031 0.528472 0.040625 0.048611
0 0.305469 0.601389 0.017188 0.038889
0 0.279297 0.616667 0.027344 0.041667
0 0.318359 0.709028 0.032031 0.051389
0 0.239844 0.914583 0.025000 0.062500
0 0.276172 0.961111 0.025781 0.041667
0 0.412500 0.839583 0.026563 0.059722
0 0.404687 0.749306 0.021875 0.059722
0 0.425000 0.727083 0.020312 0.070833
0 0.526172 0.649306 0.025781 0.045833
0 0.544141 0.661806 0.027344 0.068056
0 0.575000 0.659028 0.017188 0.062500
0 0.470703 0.925694 0.010156 0.048611
0 0.486719 0.954167 0.025000 0.055556
0 0.584375 0.983333 0.021875 0.033333
0 0.625781 0.944444 0.017188 0.036111
0 0.623438 0.982639 0.029687 0.034722
0 0.636328 0.905556 0.016406 0.041667
0 0.671484 0.951389 0.017969 0.052778
0 0.705859 0.978472 0.021094 0.026389
0 0.738281 0.730556 0.018750 0.041667
