0 0.109766 0.231944 0.055469 0.077778
0 0.120703 0.124306 0.036719 0.065278
0 0.159375 0.513889 0.040625 0.077778
0 0.283594 0.331944 0.034375 0.088889
0 0.469531 0.324306 0.040625 0.090278
0 0.468750 0.195833 0.045313 0.097222
0 0.581250 0.134028 0.045313 0.070833
0 0.719531 0.419444 0.035937 0.091667
0 0.948828 0.425000 0.030469 0.091667
0 0.640625 0.688194 0.050000 0.095833
0 0.494922 0.952778 0.055469 0.086111
0 0.260938 0.940972 0.042188 0.062500
0 0.186328 0.970139 0.033594 0.054167
0 0.039844 0.960417 0.042188 0.079167
