0 0.391406 0.128472 0.015625 0.043056
0 0.258594 0.242361 0.015625 0.043056
0 0.016797 0.181250 0.019531 0.048611
0 0.023828 0.154861 0.014844 0.045833
0 0.043359 0.190278 0.014844 0.030556
0 0.050781 0.302083 0.015625 0.034722
0 0.054688 0.404167 0.026563 0.044444
0 0.038672 0.420833 0.021094 0.038889
0 0.045703 0.510417 0.019531 0.037500
0 0.058594 0.530556 0.031250 0.044444
0 0.037500 0.537500 0.015625 0.033333
0 0.152734 0.327778 0.021094 0.063889
0 0.008984 0.659028 0.017969 0.037500
0 0.062891 0.615278 0.013281 0.038889
0 0.230859 0.334722 0.025781 0.055556
0 0.278906 0.388889 0.015625 0.038889
0 0.295312 0.209722 0.012500 0.019444
0 0.276172 0.025000 0.017969 0.030556
0 0.310937 0.302083 0.018750 0.051389
0 0.133594 0.631250 0.020312 0.045833
0 0.161328 0.647222 0.019531 0.044444
0 0.172266 0.609028 0.014844 0.037500
0 0.222656 0.487500 0.021875 0.044444
0 0.240625 0.465278 0.017188 0.047222
0 0.248437 0.571528 0.018750 0.051389
0 0.263281 0.587500 0.018750 0.050000
0 0.181250 0.788889 0.025000 0.061111
0 0.063672 0.822222 0.022656 0.044444
0 0.147266 0.802083 0.014844 0.037500
0 0.221094 0.826389 0.012500 0.036111
0 0.264844 0.873611 0.021875 0.033333
0 0.305469 0.890972 0.018750 0.051389
0 0.328516 0.885417 0.013281 0.029167
0 0.398828 0.805556 0.021094 0.044444
0 0.351953 0.704167 0.030469 0.069444
0 0.348047 0.622222 0.022656 0.075000
0 0.362500 0.598611 0.023438 0.077778
0 0.392578 0.496528 0.014844 0.051389
0 0.417578 0.540972 0.027344 0.043056
0 0.459375 0.441667 0.020312 0.022222
0 0.471875 0.395833 0.018750 0.052778
0 0.476953 0.326389 0.019531 0.047222
0 0.491797 0.436111 0.016406 0.027778
0 0.463281 0.513889 0.018750 0.038889
0 0.485938 0.525694 0.020312 0.051389
0 0.512891 0.523611 0.022656 0.069444
0 0.657812 0.319444 0.020312 0.063889
0 0.420703 0.806250 0.019531 0.043056
0 0.431250 0.832639 0.020312 0.051389
0 0.673437 0.595833 0.023438 0.041667
0 0.430078 0.405556 0.016406 0.030556
0 0.157813 0.953472 0.014062 0.031944
0 0.462109 0.918750 0.030469 0.054167
0 0.473437 0.982639 0.029687 0.034722
0 0.523438 0.869444 0.017188 0.063889
0 0.556250 0.864583 0.023438 0.045833
0 0.577344 0.766667 0.023438 0.058333
0 0.566797 0.809028 0.017969 0.034722
0 0.608203 0.808333 0.022656 0.061111
0 0.634375 0.850694 0.031250 0.043056
0 0.630078 0.919444 0.028906 0.061111
0 0.546094 0.941667 0.017188 0.030556
0 0.839844 0.895139 0.021875 0.040278
