0 0.985547 0.142361 0.027344 0.065278
0 0.941016 0.033333 0.019531 0.052778
0 0.762891 0.117361 0.025781 0.070833
0 0.714844 0.012500 0.026563 0.025000
0 0.508984 0.021528 0.027344 0.043056
0 0.591016 0.195139 0.044531 0.073611
0 0.584375 0.398611 0.031250 0.069444
0 0.510547 0.280556 0.022656 0.061111
0 0.510938 0.445139 0.026563 0.081944
0 0.444531 0.343750 0.040625 0.076389
0 0.432813 0.188194 0.039063 0.084722
0 0.482422 0.170139 0.033594 0.062500
0 0.408594 0.126389 0.029687 0.069444
0 0.375781 0.023611 0.023438 0.036111
0 0.372266 0.173611 0.021094 0.066667
0 0.373047 0.306944 0.019531 0.066667
0 0.371094 0.359028 0.020312 0.068056
0 0.363281 0.088889 0.012500 0.069444
0 0.336719 0.093750 0.023438 0.068056
0 0.316016 0.031944 0.025781 0.052778
0 0.318750 0.125000 0.021875 0.077778
0 0.291406 0.122222 0.028125 0.044444
0 0.297656 0.171528 0.021875 0.048611
0 0.270703 0.209722 0.022656 0.063889
0 0.298047 0.413194 0.032031 0.118056
0 0.338281 0.371528 0.015625 0.062500
0 0.175000 0.256250 0.026563 0.045833
0 0.126172 0.268056 0.017969 0.063889
0 0.051562 0.322222 0.032812 0.075000
0 0.091406 0.143750 0.020312 0.062500
0 0.140234 0.752778 0.039844 0.030556
0 0.204297 0.725000 0.035156 0.063889
