0 0.616016 0.391667 0.033594 0.080556
0 0.561719 0.424306 0.025000 0.048611
0 0.565234 0.479861 0.025781 0.056944
0 0.851953 0.502778 0.033594 0.080556
0 0.403516 0.405556 0.044531 0.050000
0 0.364062 0.429167 0.032812 0.061111
0 0.345313 0.504861 0.028125 0.084722
0 0.342578 0.305556 0.035156 0.058333
0 0.312891 0.221528 0.038281 0.062500
0 0.295703 0.185417 0.024219 0.043056
0 0.348437 0.031944 0.020312 0.050000
0 0.167578 0.644444 0.030469 0.069444
0 0.412891 0.973611 0.025781 0.022222
0 0.497656 0.540278 0.029687 0.052778
0 0.539453 0.616667 0.024219 0.058333
