0 0.149219 0.261806 0.053125 0.137500
0 0.250391 0.229167 0.027344 0.108333
0 0.208203 0.393750 0.033594 0.090278
0 0.276563 0.388889 0.042188 0.111111
0 0.100000 0.419444 0.039063 0.097222
0 0.173438 0.787500 0.042188 0.069444
0 0.155469 0.827083 0.046875 0.095833
0 0.241797 0.620139 0.042969 0.109722
0 0.274219 0.665278 0.040625 0.122222
0 0.300391 0.568750 0.036719 0.098611
0 0.325000 0.798611 0.050000 0.097222
0 0.429688 0.756250 0.039063 0.068056
0 0.751562 0.861111 0.045313 0.063889
0 0.701953 0.343750 0.041406 0.076389
0 0.847266 0.222222 0.041406 0.077778
0 0.556250 0.301389 0.035937 0.055556
0 0.514844 0.254861 0.051562 0.070833
0 0.476563 0.213889 0.034375 0.094444
0 0.443750 0.107639 0.026563 0.101389
0 0.357422 0.081944 0.049219 0.077778
