0 0.109375 0.490278 0.034375 0.050000
0 0.146094 0.602778 0.034375 0.066667
0 0.075391 0.737500 0.030469 0.047222
0 0.154687 0.809722 0.028125 0.052778
0 0.011719 0.843750 0.023438 0.065278
0 0.187891 0.959722 0.041406 0.038889
0 0.244531 0.390278 0.042188 0.088889
0 0.237500 0.107639 0.042188 0.087500
0 0.280859 0.027083 0.021094 0.048611
0 0.316797 0.167361 0.030469 0.079167
0 0.339063 0.127778 0.025000 0.077778
0 0.314063 0.402083 0.029687 0.073611
0 0.380078 0.422222 0.035156 0.066667
0 0.285547 0.980556 0.022656 0.038889
0 0.351563 0.984028 0.028125 0.031944
0 0.463281 0.954167 0.029687 0.041667
0 0.463281 0.868750 0.026563 0.068056
0 0.519922 0.902778 0.035156 0.086111
0 0.506250 0.809722 0.034375 0.063889
0 0.523047 0.677778 0.027344 0.083333
0 0.493359 0.627778 0.021094 0.058333
0 0.470313 0.518750 0.025000 0.054167
0 0.519922 0.465278 0.028906 0.086111
0 0.531641 0.422222 0.028906 0.066667
0 0.551562 0.397917 0.025000 0.059722
0 0.563672 0.362500 0.027344 0.075000
0 0.567969 0.544444 0.029687 0.086111
0 0.644922 0.633333 0.030469 0.094444
0 0.646875 0.717361 0.023438 0.073611
0 0.635938 0.827083 0.028125 0.073611
0 0.484375 0.330556 0.039063 0.075000
0 0.458594 0.330556 0.025000 0.063889
0 0.421484 0.221528 0.027344 0.084722
0 0.487109 0.219444 0.033594 0.044444
0 0.455859 0.147222 0.021094 0.052778
0 0.530469 0.260417 0.020312 0.059722
0 0.550391 0.250000 0.035156 0.069444
0 0.499609 0.147222 0.022656 0.038889
0 0.507031 0.113194 0.034375 0.084722
0 0.482812 0.064583 0.035937 0.079167
0 0.450781 0.045833 0.021875 0.058333
0 0.551172 0.021528 0.027344 0.020833
0 0.548047 0.081944 0.042969 0.044444
0 0.591797 0.169444 0.035156 0.075000
0 0.645703 0.193750 0.032031 0.065278
0 0.632422 0.338194 0.024219 0.073611
0 0.649219 0.464583 0.032812 0.054167
0 0.632813 0.500000 0.028125 0.069444
0 0.766797 0.803472 0.025781 0.029167
0 0.781641 0.836111 0.019531 0.055556
0 0.750391 0.847222 0.035156 0.058333
0 0.799609 0.935417 0.044531 0.054167
0 0.885156 0.690972 0.029687 0.070833
0 0.910547 0.710417 0.010156 0.029167
0 0.932422 0.745139 0.022656 0.065278
0 0.969531 0.843750 0.042188 0.054167
0 0.974219 0.889583 0.031250 0.051389
0 0.973828 0.928472 0.044531 0.051389
0 0.841797 0.579861 0.038281 0.076389
0 0.831250 0.476389 0.026563 0.063889
0 0.854688 0.473611 0.029687 0.080556
0 0.833984 0.404861 0.025781 0.068056
0 0.750000 0.440278 0.031250 0.080556
0 0.723828 0.418056 0.035156 0.066667
0 0.704297 0.355556 0.035156 0.072222
0 0.733594 0.312500 0.026563 0.058333
0 0.762891 0.247917 0.017969 0.040278
0 0.787891 0.145139 0.024219 0.048611
0 0.813672 0.167361 0.019531 0.045833
0 0.860156 0.090972 0.035937 0.095833
0 0.820703 0.055556 0.027344 0.061111
0 0.878125 0.396528 0.021875 0.056944
0 0.921094 0.440278 0.046875 0.102778
0 0.933203 0.293750 0.021094 0.051389
0 0.975000 0.348611 0.031250 0.072222
0 0.987500 0.313194 0.023438 0.079167
0 0.993359 0.419444 0.011719 0.063889
0 0.199219 0.836111 0.028125 0.052778
