0 0.641406 0.241667 0.031250 0.052778
0 0.781250 0.095139 0.051562 0.087500
0 0.810156 0.275694 0.034375 0.095833
0 0.930078 0.304167 0.044531 0.088889
0 0.879297 0.820139 0.030469 0.106944
0 0.847656 0.918056 0.040625 0.086111
0 0.903516 0.930556 0.024219 0.063889
0 0.082813 0.800694 0.034375 0.104167
0 0.395703 0.554167 0.030469 0.055556
0 0.607031 0.647222 0.031250 0.055556
0 0.712500 0.672917 0.012500 0.029167
0 0.198828 0.436111 0.035156 0.047222
0 0.275781 0.124306 0.020312 0.037500
0 0.037500 0.177778 0.040625 0.086111
