0 0.826172 0.047222 0.025781 0.069444
0 0.788672 0.113194 0.021094 0.076389
0 0.765625 0.180556 0.020312 0.047222
0 0.749609 0.116667 0.028906 0.072222
0 0.717969 0.177778 0.037500 0.075000
0 0.702344 0.104861 0.021875 0.070833
0 0.630859 0.244444 0.027344 0.086111
0 0.552344 0.056944 0.018750 0.041667
0 0.510938 0.206944 0.029687 0.080556
0 0.445703 0.492361 0.027344 0.073611
0 0.303906 0.518056 0.026563 0.075000
0 0.229297 0.137500 0.025781 0.086111
0 0.196484 0.156250 0.024219 0.059722
0 0.139844 0.131250 0.020312 0.054167
0 0.117578 0.408333 0.016406 0.063889
