0 0.586719 0.458333 0.026563 0.066667
0 0.587500 0.402083 0.025000 0.040278
0 0.609766 0.325000 0.021094 0.038889
0 0.500391 0.067361 0.025781 0.062500
0 0.430859 0.367361 0.030469 0.084722
0 0.490234 0.600000 0.030469 0.069444
0 0.553516 0.703472 0.035156 0.090278
0 0.357422 0.453472 0.021094 0.043056
0 0.374609 0.603472 0.025781 0.056944
0 0.369141 0.412500 0.025781 0.063889
0 0.356641 0.286806 0.038281 0.076389
0 0.316406 0.204861 0.028125 0.062500
0 0.317187 0.151389 0.029687 0.047222
0 0.357031 0.020833 0.029687 0.041667
0 0.201172 0.619444 0.030469 0.055556
