0 0.034766 0.404861 0.016406 0.043056
0 0.155078 0.390278 0.033594 0.063889
0 0.255469 0.427778 0.026563 0.050000
0 0.278516 0.544444 0.017969 0.036111
0 0.265625 0.927083 0.018750 0.034722
0 0.286328 0.960417 0.022656 0.045833
0 0.468750 0.661111 0.023438 0.055556
0 0.485156 0.782639 0.021875 0.048611
0 0.467187 0.899306 0.026563 0.045833
0 0.406641 0.463194 0.019531 0.048611
0 0.255078 0.311806 0.032031 0.045833
0 0.281641 0.194444 0.025781 0.072222
0 0.262109 0.092361 0.024219 0.059722
0 0.199609 0.136806 0.028906 0.045833
0 0.354688 0.193056 0.028125 0.033333
0 0.400391 0.252083 0.021094 0.026389
0 0.431641 0.224306 0.028906 0.043056
0 0.523438 0.025694 0.021875 0.034722
0 0.606250 0.029167 0.020312 0.047222
0 0.595703 0.164583 0.028906 0.051389
0 0.546094 0.572222 0.014062 0.030556
0 0.590234 0.575000 0.019531 0.033333
0 0.571094 0.595833 0.020312 0.036111
0 0.568359 0.639583 0.014844 0.034722
0 0.573828 0.678472 0.019531 0.031944
0 0.589063 0.676389 0.014062 0.047222
0 0.616016 0.854861 0.022656 0.040278
0 0.792578 0.343750 0.019531 0.056944
0 0.734375 0.237500 0.020312 0.044444
0 0.727734 0.027778 0.035156 0.030556
0 0.767969 0.104167 0.025000 0.041667
0 0.836719 0.051389 0.018750 0.036111
0 0.813672 0.177778 0.024219 0.044444
0 0.825391 0.212500 0.019531 0.055556
0 0.901172 0.170139 0.024219 0.037500
0 0.927734 0.722222 0.017969 0.038889
0 0.953906 0.962500 0.018750 0.050000
0 0.752734 0.899306 0.022656 0.054167
0 0.090234 0.666667 0.022656 0.055556
