0 0.792578 0.237500 0.032031 0.061111
0 0.807422 0.331250 0.033594 0.065278
0 0.785156 0.356944 0.032812 0.069444
0 0.905078 0.468056 0.036719 0.044444
0 0.982031 0.462500 0.034375 0.055556
0 0.981250 0.115278 0.035937 0.080556
0 0.756250 0.251389 0.039063 0.061111
0 0.717578 0.098611 0.028906 0.047222
0 0.737891 0.055556 0.030469 0.050000
0 0.696094 0.168056 0.031250 0.077778
0 0.715234 0.337500 0.019531 0.072222
0 0.686719 0.267361 0.023438 0.051389
0 0.664453 0.295139 0.035156 0.093056
0 0.648828 0.302778 0.025781 0.063889
0 0.640234 0.257639 0.019531 0.054167
0 0.621094 0.265278 0.028125 0.069444
0 0.603906 0.195139 0.032812 0.062500
0 0.629687 0.174306 0.029687 0.037500
0 0.611719 0.129861 0.023438 0.040278
0 0.669531 0.095139 0.021875 0.034722
0 0.651563 0.107639 0.037500 0.048611
0 0.630078 0.088194 0.027344 0.045833
0 0.658203 0.063194 0.017969 0.034722
0 0.663281 0.042361 0.025000 0.031944
0 0.569922 0.177778 0.035156 0.052778
0 0.557813 0.309028 0.014062 0.059722
0 0.619531 0.411806 0.021875 0.051389
0 0.602734 0.408333 0.025781 0.038889
0 0.563672 0.144444 0.022656 0.066667
0 0.584375 0.106250 0.021875 0.062500
0 0.566797 0.107639 0.028906 0.054167
0 0.536328 0.061806 0.025781 0.040278
0 0.546484 0.043750 0.027344 0.040278
0 0.554688 0.015972 0.028125 0.031944
0 0.538281 0.023611 0.025000 0.036111
0 0.492188 0.018056 0.037500 0.025000
0 0.532031 0.132639 0.023438 0.045833
0 0.520703 0.137500 0.024219 0.050000
0 0.503125 0.136806 0.020312 0.059722
0 0.503516 0.206250 0.014844 0.054167
0 0.525391 0.292361 0.016406 0.054167
0 0.508594 0.307639 0.026563 0.062500
0 0.489453 0.250694 0.035156 0.051389
0 0.488672 0.329861 0.024219 0.068056
0 0.472656 0.350000 0.020312 0.050000
0 0.456641 0.358333 0.022656 0.044444
0 0.458203 0.306250 0.019531 0.037500
0 0.473828 0.276389 0.028906 0.044444
0 0.464063 0.250000 0.021875 0.033333
0 0.458984 0.229861 0.019531 0.056944
0 0.550000 0.475694 0.029687 0.051389
0 0.532812 0.435417 0.017188 0.040278
0 0.532422 0.547222 0.028906 0.058333
0 0.563672 0.597222 0.022656 0.063889
0 0.521484 0.602083 0.025781 0.040278
0 0.516797 0.644444 0.022656 0.044444
0 0.498047 0.663194 0.033594 0.056944
0 0.491406 0.583333 0.035937 0.058333
0 0.478516 0.473611 0.035156 0.069444
0 0.416016 0.572917 0.032031 0.043056
0 0.434766 0.542361 0.036719 0.054167
0 0.344531 0.674306 0.015625 0.056944
0 0.293750 0.722222 0.026563 0.063889
0 0.284766 0.790972 0.036719 0.062500
0 0.202344 0.767361 0.025000 0.040278
0 0.195703 0.713194 0.033594 0.051389
0 0.199219 0.643056 0.029687 0.072222
0 0.197656 0.559028 0.034375 0.068056
0 0.144922 0.756944 0.030469 0.080556
0 0.029297 0.733333 0.019531 0.058333
0 0.115234 0.516667 0.024219 0.075000
0 0.148047 0.472917 0.027344 0.079167
0 0.173438 0.433333 0.029687 0.058333
0 0.229687 0.429167 0.039063 0.075000
0 0.291797 0.461111 0.019531 0.044444
0 0.307813 0.404167 0.029687 0.044444
0 0.430078 0.284722 0.030469 0.041667
0 0.344922 0.288889 0.022656 0.066667
0 0.272266 0.300694 0.025781 0.048611
0 0.282422 0.247222 0.027344 0.041667
0 0.289453 0.220139 0.025781 0.054167
0 0.319141 0.219444 0.033594 0.091667
0 0.168750 0.304861 0.031250 0.079167
0 0.340625 0.081250 0.017188 0.048611
0 0.446484 0.192361 0.025781 0.068056
0 0.433594 0.159028 0.020312 0.065278
0 0.416016 0.147222 0.027344 0.063889
0 0.399609 0.125000 0.024219 0.050000
0 0.437109 0.100694 0.039844 0.076389
0 0.467187 0.076389 0.035937 0.066667
