0 0.603906 0.386806 0.026563 0.031944
0 0.621094 0.429167 0.026563 0.052778
0 0.696484 0.347222 0.019531 0.077778
0 0.730859 0.325694 0.027344 0.043056
0 0.692187 0.613889 0.045313 0.075000
0 0.464063 0.400000 0.034375 0.063889
0 0.493750 0.334028 0.032812 0.081944
0 0.612109 0.105556 0.046094 0.080556
0 0.423438 0.061806 0.042188 0.051389
0 0.378125 0.072917 0.035937 0.062500
0 0.251172 0.651389 0.036719 0.066667
0 0.331250 0.800000 0.028125 0.033333
0 0.316016 0.840972 0.024219 0.056944
0 0.287500 0.813889 0.028125 0.052778
0 0.417188 0.876389 0.035937 0.077778
