0 0.870703 0.079861 0.033594 0.073611
0 0.847656 0.030556 0.025000 0.055556
0 0.835547 0.144444 0.027344 0.077778
0 0.797656 0.247917 0.028125 0.079167
0 0.751953 0.238194 0.033594 0.045833
0 0.751562 0.189583 0.032812 0.051389
0 0.703125 0.105556 0.034375 0.077778
0 0.680469 0.184722 0.023438 0.055556
0 0.612891 0.380556 0.033594 0.072222
0 0.561328 0.156944 0.027344 0.061111
0 0.469922 0.124306 0.046094 0.095833
0 0.457812 0.221528 0.031250 0.084722
0 0.211328 0.267361 0.044531 0.109722
0 0.248437 0.210417 0.031250 0.062500
0 0.319531 0.538889 0.046875 0.086111
0 0.139453 0.411111 0.025781 0.044444
