0 0.573438 0.493056 0.032812 0.063889
0 0.567969 0.416667 0.034375 0.063889
0 0.616016 0.386111 0.036719 0.077778
0 0.619922 0.726389 0.025781 0.069444
0 0.494922 0.481944 0.038281 0.086111
0 0.431641 0.217361 0.047656 0.095833
0 0.383984 0.111111 0.032031 0.105556
0 0.307813 0.206944 0.031250 0.063889
0 0.284375 0.152083 0.023438 0.062500
0 0.337500 0.295833 0.035937 0.069444
0 0.364062 0.434028 0.035937 0.062500
0 0.344922 0.492361 0.025781 0.062500
0 0.135547 0.177083 0.021094 0.065278
0 0.129297 0.690972 0.025781 0.048611
