0 0.014062 0.415972 0.023438 0.051389
0 0.142969 0.411111 0.031250 0.055556
0 0.264062 0.561111 0.015625 0.047222
0 0.237500 0.447222 0.017188 0.038889
0 0.229687 0.323611 0.023438 0.058333
0 0.168750 0.101389 0.021875 0.033333
0 0.228125 0.131944 0.020312 0.047222
0 0.262891 0.025694 0.016406 0.040278
0 0.275391 0.020139 0.013281 0.037500
0 0.257031 0.213194 0.018750 0.034722
0 0.282031 0.228472 0.012500 0.045833
0 0.323828 0.234028 0.028906 0.051389
0 0.380469 0.268750 0.020312 0.043056
0 0.414844 0.241667 0.020312 0.047222
0 0.373437 0.487500 0.021875 0.044444
0 0.455469 0.658333 0.015625 0.036111
0 0.460156 0.913194 0.023438 0.048611
0 0.246875 0.920833 0.018750 0.036111
0 0.279297 0.954861 0.017969 0.040278
0 0.466797 0.802083 0.019531 0.054167
0 0.523828 0.593056 0.013281 0.041667
0 0.545703 0.626389 0.016406 0.038889
0 0.549219 0.677083 0.018750 0.037500
0 0.566797 0.727083 0.019531 0.034722
0 0.604297 0.595139 0.022656 0.037500
0 0.571484 0.764583 0.021094 0.037500
0 0.595312 0.872917 0.020312 0.037500
0 0.739453 0.930556 0.019531 0.041667
0 0.514453 0.077778 0.021094 0.038889
0 0.571094 0.184722 0.035937 0.044444
0 0.597266 0.029167 0.017969 0.055556
0 0.696484 0.075694 0.030469 0.040278
0 0.706641 0.238194 0.025781 0.048611
0 0.742969 0.127778 0.025000 0.050000
0 0.788281 0.022917 0.010937 0.031944
0 0.814453 0.081944 0.019531 0.036111
0 0.824609 0.163889 0.022656 0.050000
0 0.793359 0.188194 0.027344 0.059722
0 0.772266 0.347222 0.017969 0.055556
0 0.881641 0.197222 0.025781 0.050000
0 0.912891 0.731250 0.021094 0.045833
0 0.942578 0.972222 0.022656 0.036111
