0 0.893750 0.246528 0.017188 0.095833
0 0.839453 0.047222 0.014844 0.047222
0 0.610156 0.200694 0.026563 0.054167
0 0.549219 0.119444 0.028125 0.072222
0 0.538281 0.159722 0.029687 0.077778
0 0.535156 0.322917 0.034375 0.059722
0 0.429297 0.193750 0.024219 0.065278
0 0.380859 0.202083 0.028906 0.048611
0 0.391016 0.077778 0.027344 0.038889
0 0.384766 0.032639 0.019531 0.048611
0 0.358594 0.129861 0.032812 0.073611
0 0.332031 0.065972 0.039063 0.087500
0 0.290625 0.093056 0.032812 0.066667
0 0.277734 0.155556 0.044531 0.058333
0 0.251172 0.281250 0.032031 0.054167
0 0.328125 0.356944 0.034375 0.036111
0 0.235156 0.075694 0.023438 0.056944
0 0.147656 0.250694 0.029687 0.087500
0 0.093750 0.200694 0.031250 0.087500
0 0.020312 0.302083 0.034375 0.068056
0 0.059766 0.090278 0.027344 0.052778
0 0.137891 0.720139 0.042969 0.090278
0 0.167969 0.697222 0.032812 0.077778
