0 0.207422 0.165278 0.030469 0.063889
0 0.191016 0.274306 0.027344 0.045833
0 0.035156 0.333333 0.025000 0.038889
0 0.088672 0.251389 0.011719 0.033333
0 0.041406 0.701389 0.023438 0.047222
0 0.008203 0.506250 0.016406 0.031944
0 0.331641 0.537500 0.019531 0.041667
0 0.167187 0.714583 0.026563 0.048611
0 0.246484 0.984722 0.011719 0.025000
0 0.362109 0.779167 0.011719 0.050000
0 0.450000 0.256944 0.021875 0.052778
0 0.509766 0.340972 0.022656 0.062500
0 0.569531 0.541667 0.020312 0.044444
0 0.542188 0.636806 0.029687 0.040278
