0 0.143750 0.250694 0.042188 0.109722
0 0.141797 0.038194 0.035156 0.076389
0 0.273438 0.182639 0.046875 0.098611
0 0.294531 0.320833 0.037500 0.083333
0 0.202734 0.454167 0.036719 0.097222
0 0.217187 0.952083 0.051562 0.073611
0 0.296484 0.913194 0.042969 0.090278
0 0.433984 0.679861 0.044531 0.123611
0 0.633203 0.908333 0.038281 0.108333
0 0.767187 0.549306 0.043750 0.098611
0 0.831641 0.763889 0.046094 0.111111
0 0.864062 0.563194 0.026563 0.065278
0 0.985156 0.604861 0.028125 0.079167
0 0.657422 0.148611 0.030469 0.083333
0 0.546875 0.560417 0.034375 0.045833
0 0.314453 0.080556 0.032031 0.063889
0 0.533203 0.972222 0.039844 0.055556
