0 0.549609 0.125694 0.038281 0.062500
0 0.472656 0.259722 0.031250 0.083333
0 0.473437 0.325000 0.023438 0.047222
0 0.508984 0.353472 0.032031 0.056944
0 0.027344 0.129861 0.031250 0.045833
0 0.175000 0.049306 0.020312 0.045833
0 0.201172 0.094444 0.027344 0.055556
0 0.137500 0.220139 0.039063 0.043056
0 0.339844 0.038194 0.035937 0.076389
0 0.359375 0.037500 0.026563 0.058333
0 0.283203 0.079861 0.024219 0.040278
0 0.262891 0.038889 0.046094 0.066667
0 0.767969 0.018750 0.021875 0.037500
0 0.544922 0.059722 0.033594 0.047222
