0 0.041797 0.398611 0.035156 0.105556
0 0.094141 0.260417 0.024219 0.104167
0 0.112500 0.271528 0.014062 0.056944
0 0.117969 0.111111 0.056250 0.088889
0 0.341797 0.370139 0.074219 0.112500
0 0.430078 0.038194 0.036719 0.062500
0 0.521875 0.117361 0.051562 0.093056
0 0.590234 0.181944 0.044531 0.083333
0 0.781641 0.331250 0.050781 0.073611
0 0.969531 0.309028 0.037500 0.065278
0 0.917969 0.102083 0.051562 0.118056
0 0.901563 0.575694 0.043750 0.090278
0 0.943359 0.950694 0.038281 0.093056
0 0.516797 0.756250 0.039844 0.115278
0 0.531641 0.513194 0.035156 0.106944
0 0.431641 0.686111 0.066406 0.100000
