0 0.763672 0.195833 0.024219 0.080556
0 0.731641 0.043056 0.016406 0.069444
0 0.680859 0.141667 0.028906 0.061111
0 0.674219 0.095833 0.031250 0.041667
0 0.661328 0.066667 0.028906 0.088889
0 0.676562 0.218056 0.025000 0.080556
0 0.715625 0.270139 0.031250 0.087500
0 0.721875 0.349306 0.021875 0.059722
0 0.669922 0.283333 0.039844 0.058333
0 0.646484 0.253472 0.022656 0.051389
0 0.631641 0.182639 0.035156 0.043056
0 0.633203 0.131250 0.027344 0.062500
0 0.634766 0.078472 0.028906 0.065278
0 0.623438 0.270139 0.023438 0.087500
0 0.630859 0.344444 0.024219 0.041667
0 0.630859 0.389583 0.027344 0.037500
0 0.667578 0.502778 0.035156 0.055556
0 0.600391 0.368056 0.033594 0.069444
0 0.605859 0.246528 0.027344 0.062500
0 0.605469 0.190972 0.017188 0.054167
0 0.577344 0.245139 0.023438 0.054167
0 0.571094 0.022917 0.012500 0.045833
0 0.587891 0.018056 0.011719 0.022222
0 0.597266 0.049306 0.008594 0.040278
0 0.592969 0.107639 0.020312 0.037500
0 0.585547 0.143750 0.014844 0.040278
0 0.558984 0.155556 0.021094 0.036111
0 0.552734 0.180556 0.022656 0.022222
0 0.532031 0.149306 0.017188 0.045833
0 0.523828 0.121528 0.021094 0.037500
0 0.520312 0.154861 0.018750 0.029167
0 0.504297 0.137500 0.014844 0.030556
0 0.497266 0.090972 0.025781 0.043056
0 0.532422 0.072917 0.017969 0.059722
0 0.507031 0.033333 0.017188 0.041667
0 0.502734 0.018056 0.021094 0.025000
0 0.460547 0.029861 0.021094 0.054167
0 0.455078 0.090278 0.022656 0.052778
0 0.532422 0.232639 0.019531 0.056944
0 0.530469 0.301389 0.021875 0.069444
0 0.569922 0.422222 0.025781 0.047222
0 0.535937 0.542361 0.010937 0.054167
0 0.521875 0.577083 0.021875 0.059722
0 0.500781 0.545139 0.009375 0.020833
0 0.496875 0.622917 0.014062 0.059722
0 0.475781 0.513889 0.017188 0.066667
0 0.450391 0.483333 0.021094 0.044444
0 0.492188 0.401389 0.018750 0.072222
0 0.481641 0.347917 0.017969 0.068056
0 0.494922 0.324306 0.017969 0.056944
0 0.494922 0.286111 0.011719 0.061111
0 0.495313 0.209028 0.026563 0.059722
0 0.483594 0.251389 0.029687 0.055556
0 0.468750 0.198611 0.026563 0.052778
0 0.442969 0.135417 0.015625 0.045833
0 0.432422 0.074306 0.021094 0.034722
0 0.423438 0.110417 0.010937 0.037500
0 0.417578 0.129861 0.019531 0.040278
0 0.391406 0.038194 0.018750 0.076389
0 0.357422 0.107639 0.028906 0.051389
0 0.403125 0.198611 0.025000 0.058333
0 0.442969 0.293056 0.017188 0.052778
0 0.306641 0.102083 0.025781 0.051389
0 0.310547 0.226389 0.017969 0.044444
0 0.306250 0.258333 0.025000 0.041667
0 0.282422 0.320833 0.033594 0.075000
0 0.324219 0.415278 0.035937 0.061111
0 0.383984 0.623611 0.019531 0.055556
0 0.418359 0.696528 0.032031 0.070833
0 0.430469 0.959028 0.029687 0.054167
0 0.291406 0.761806 0.018750 0.079167
0 0.245703 0.668056 0.014844 0.066667
0 0.203516 0.633333 0.017969 0.055556
0 0.205859 0.521528 0.030469 0.051389
0 0.241016 0.406944 0.033594 0.075000
0 0.167578 0.419444 0.021094 0.061111
0 0.150781 0.304861 0.023438 0.056944
0 0.179688 0.140972 0.025000 0.076389
0 0.074219 0.243750 0.023438 0.059722
0 0.185547 0.748611 0.027344 0.055556
0 0.052344 0.720139 0.029687 0.054167
0 0.060938 0.896528 0.021875 0.073611
