0 0.727344 0.389583 0.060938 0.098611
0 0.886719 0.509722 0.045313 0.130556
0 0.901953 0.751389 0.039844 0.097222
0 0.938281 0.651389 0.031250 0.080556
0 0.902344 0.860417 0.026563 0.065278
0 0.731641 0.780556 0.030469 0.088889
0 0.727734 0.943056 0.035156 0.069444
0 0.396484 0.856944 0.044531 0.058333
0 0.383984 0.948611 0.047656 0.061111
0 0.316406 0.790278 0.040625 0.086111
0 0.187109 0.699306 0.032031 0.076389
0 0.219141 0.947222 0.033594 0.072222
0 0.175391 0.268750 0.039844 0.087500
0 0.267188 0.134028 0.035937 0.070833
0 0.330859 0.078472 0.039844 0.065278
0 0.138281 0.074306 0.046875 0.065278
0 0.342578 0.021528 0.028906 0.031944
0 0.520312 0.249306 0.029687 0.045833
0 0.497266 0.511111 0.044531 0.086111
0 0.526172 0.731944 0.028906 0.069444
0 0.548047 0.759722 0.030469 0.066667
0 0.653125 0.757639 0.032812 0.065278
