0 0.918750 0.284722 0.015625 0.047222
0 0.891406 0.098611 0.053125 0.072222
0 0.978516 0.051389 0.027344 0.058333
0 0.852734 0.320139 0.033594 0.051389
0 0.876562 0.632639 0.037500 0.137500
0 0.938672 0.932639 0.024219 0.070833
0 0.722656 0.683333 0.040625 0.122222
0 0.433203 0.202778 0.024219 0.080556
0 0.374219 0.495833 0.037500 0.069444
0 0.410937 0.781944 0.043750 0.119444
0 0.276172 0.751389 0.024219 0.072222
0 0.269141 0.687500 0.039844 0.075000
0 0.118750 0.543750 0.042188 0.095833
0 0.139453 0.432639 0.041406 0.081944
0 0.090234 0.234722 0.055469 0.077778
0 0.253516 0.031944 0.028906 0.050000
