0 0.062109 0.302083 0.042969 0.115278
0 0.090625 0.419444 0.037500 0.086111
0 0.059766 0.547222 0.042969 0.102778
0 0.067188 0.654167 0.035937 0.052778
0 0.075391 0.704167 0.033594 0.069444
0 0.063672 0.752083 0.036719 0.065278
0 0.112500 0.687500 0.035937 0.063889
0 0.159766 0.860417 0.027344 0.073611
0 0.017969 0.904167 0.035937 0.061111
0 0.242969 0.943750 0.032812 0.068056
0 0.221484 0.538194 0.046094 0.095833
0 0.189453 0.334028 0.027344 0.068056
0 0.155859 0.316667 0.030469 0.075000
0 0.169531 0.277778 0.025000 0.055556
0 0.138281 0.184722 0.045313 0.058333
0 0.140625 0.111806 0.039063 0.068056
0 0.279297 0.102778 0.025781 0.086111
0 0.304688 0.018056 0.023438 0.036111
0 0.387500 0.040278 0.037500 0.069444
0 0.403516 0.163194 0.032031 0.070833
0 0.486719 0.370139 0.034375 0.059722
0 0.334375 0.537500 0.035937 0.058333
0 0.408984 0.834722 0.030469 0.091667
0 0.519141 0.625694 0.022656 0.073611
0 0.709375 0.547222 0.031250 0.113889
0 0.736719 0.450000 0.026563 0.066667
0 0.666797 0.211806 0.032031 0.065278
0 0.615625 0.127083 0.029687 0.093056
