0 0.752734 0.395833 0.022656 0.088889
0 0.804297 0.197222 0.036719 0.091667
0 0.682031 0.318056 0.031250 0.069444
0 0.683594 0.257639 0.026563 0.059722
0 0.698438 0.163194 0.032812 0.059722
0 0.724609 0.064583 0.030469 0.043056
0 0.692187 0.030556 0.035937 0.055556
0 0.658984 0.134028 0.017969 0.059722
0 0.677344 0.108333 0.029687 0.052778
0 0.662891 0.078472 0.014844 0.031944
0 0.651563 0.073611 0.023438 0.030556
0 0.642187 0.034722 0.012500 0.033333
0 0.638672 0.088194 0.021094 0.068056
0 0.629687 0.156250 0.029687 0.048611
0 0.610156 0.149306 0.020312 0.040278
0 0.614453 0.201389 0.022656 0.063889
0 0.613281 0.289583 0.014062 0.045833
0 0.630078 0.275000 0.011719 0.030556
0 0.641406 0.311806 0.010937 0.043056
0 0.647266 0.413889 0.016406 0.050000
0 0.616406 0.436806 0.018750 0.051389
0 0.573828 0.634028 0.022656 0.056944
0 0.566016 0.579861 0.028906 0.040278
0 0.553516 0.503472 0.033594 0.073611
0 0.564062 0.450000 0.026563 0.058333
0 0.575000 0.299306 0.032812 0.045833
0 0.568750 0.219444 0.026563 0.047222
0 0.583984 0.193750 0.021094 0.065278
0 0.568750 0.174306 0.014062 0.045833
0 0.559375 0.114583 0.032812 0.065278
0 0.538672 0.115972 0.027344 0.054167
0 0.543359 0.079861 0.025781 0.054167
0 0.555078 0.034028 0.024219 0.051389
0 0.533984 0.160417 0.032031 0.062500
0 0.519531 0.162500 0.026563 0.055556
0 0.502734 0.156250 0.024219 0.056944
0 0.481250 0.136806 0.021875 0.059722
0 0.488672 0.098611 0.024219 0.055556
0 0.473047 0.049306 0.024219 0.062500
0 0.493359 0.029861 0.032031 0.059722
0 0.518750 0.025000 0.014062 0.036111
0 0.530469 0.329167 0.020312 0.050000
0 0.503906 0.215972 0.021875 0.040278
0 0.508594 0.293750 0.025000 0.056944
0 0.526172 0.634722 0.028906 0.033333
0 0.521875 0.669444 0.023438 0.044444
0 0.480859 0.693750 0.032031 0.062500
0 0.484766 0.615278 0.030469 0.052778
0 0.458203 0.541667 0.024219 0.069444
0 0.422266 0.566667 0.032031 0.058333
0 0.419141 0.777778 0.032031 0.069444
0 0.390234 0.736111 0.028906 0.041667
0 0.339844 0.768750 0.026563 0.062500
0 0.279687 0.812500 0.029687 0.050000
0 0.155469 0.793750 0.035937 0.087500
0 0.197656 0.776389 0.025000 0.041667
0 0.196094 0.701389 0.029687 0.038889
0 0.192969 0.569444 0.021875 0.036111
0 0.235938 0.578472 0.023438 0.051389
0 0.281250 0.480556 0.021875 0.030556
0 0.285937 0.452083 0.020312 0.043056
0 0.097656 0.847222 0.039063 0.061111
0 0.217187 0.445139 0.021875 0.051389
0 0.173828 0.442361 0.024219 0.065278
0 0.128125 0.490278 0.017188 0.061111
0 0.091797 0.517361 0.030469 0.043056
0 0.163672 0.301389 0.025781 0.044444
0 0.229297 0.327083 0.027344 0.043056
0 0.261328 0.303472 0.017969 0.031944
0 0.460156 0.393056 0.018750 0.036111
0 0.469922 0.367361 0.013281 0.037500
0 0.487891 0.337500 0.024219 0.050000
0 0.455859 0.347222 0.010156 0.044444
0 0.476563 0.302778 0.037500 0.050000
0 0.480078 0.268750 0.014844 0.040278
0 0.459375 0.265278 0.021875 0.066667
0 0.419922 0.303472 0.022656 0.048611
0 0.369531 0.288889 0.017188 0.055556
0 0.437500 0.140278 0.028125 0.075000
0 0.401563 0.147917 0.014062 0.073611
0 0.404687 0.039583 0.037500 0.051389
0 0.304297 0.066667 0.025781 0.075000
0 0.311719 0.199306 0.023438 0.065278
0 0.232812 0.202083 0.025000 0.031944
