0 0.910156 0.159722 0.037500 0.075000
0 0.776172 0.268750 0.022656 0.073611
0 0.702734 0.374306 0.030469 0.079167
0 0.615234 0.102083 0.035156 0.051389
0 0.597266 0.167361 0.044531 0.081944
0 0.662500 0.489583 0.025000 0.056944
0 0.672266 0.545139 0.022656 0.051389
0 0.658594 0.580556 0.018750 0.052778
0 0.639063 0.588889 0.025000 0.047222
0 0.639844 0.507639 0.023438 0.056944
0 0.625000 0.537500 0.020312 0.075000
0 0.751562 0.625694 0.039063 0.065278
0 0.828906 0.632639 0.017188 0.068056
0 0.641406 0.786111 0.020312 0.066667
0 0.164063 0.851389 0.042188 0.069444
0 0.292188 0.795139 0.020312 0.045833
0 0.032812 0.365278 0.037500 0.086111
