0 0.144922 0.295139 0.019531 0.051389
0 0.128906 0.293056 0.023438 0.033333
0 0.114453 0.090972 0.033594 0.093056
0 0.318750 0.030556 0.034375 0.041667
0 0.420703 0.030556 0.024219 0.041667
0 0.538281 0.035417 0.025000 0.054167
0 0.514844 0.222222 0.023438 0.055556
0 0.528516 0.297917 0.022656 0.040278
0 0.283203 0.354861 0.019531 0.054167
0 0.762500 0.306250 0.021875 0.056944
0 0.834375 0.363194 0.018750 0.040278
0 0.900000 0.571528 0.015625 0.048611
0 0.859766 0.679861 0.024219 0.043056
0 0.634766 0.568056 0.017969 0.041667
0 0.666016 0.811806 0.013281 0.068056
0 0.356250 0.727778 0.031250 0.038889
0 0.273828 0.417361 0.017969 0.043056
0 0.328516 0.394444 0.016406 0.047222
0 0.303516 0.481944 0.025781 0.050000
0 0.324609 0.538889 0.017969 0.047222
0 0.277344 0.486111 0.017188 0.041667
0 0.205859 0.495833 0.017969 0.072222
0 0.232422 0.620833 0.019531 0.050000
0 0.213672 0.743750 0.022656 0.045833
0 0.218359 0.945139 0.019531 0.040278
0 0.218359 0.849306 0.014844 0.034722
0 0.233594 0.880556 0.015625 0.044444
0 0.264844 0.868750 0.021875 0.037500
0 0.030859 0.920139 0.019531 0.037500
0 0.018750 0.794444 0.020312 0.044444
0 0.013672 0.622222 0.021094 0.036111
0 0.476563 0.742361 0.023438 0.043056
