0 0.158984 0.177778 0.032031 0.080556
0 0.183984 0.163194 0.032031 0.081944
0 0.116016 0.202778 0.028906 0.100000
0 0.090234 0.205556 0.021094 0.083333
0 0.071484 0.104167 0.044531 0.094444
0 0.096094 0.430556 0.020312 0.088889
0 0.056250 0.451389 0.039063 0.091667
0 0.026172 0.506250 0.049219 0.079167
0 0.158594 0.402778 0.046875 0.086111
0 0.185156 0.660417 0.040625 0.106944
0 0.190625 0.823611 0.026563 0.113889
0 0.262109 0.856250 0.027344 0.054167
0 0.285547 0.705556 0.036719 0.097222
0 0.494141 0.472222 0.036719 0.094444
0 0.539063 0.633333 0.032812 0.091667
0 0.628125 0.564583 0.037500 0.081944
