0 0.256250 0.194444 0.026563 0.088889
0 0.313281 0.261111 0.021875 0.080556
0 0.271484 0.343056 0.032031 0.088889
0 0.227734 0.729167 0.021094 0.041667
0 0.248047 0.780556 0.019531 0.052778
0 0.150000 0.736111 0.073437 0.041667
0 0.419531 0.743750 0.035937 0.068056
0 0.468750 0.842361 0.032812 0.079167
0 0.519922 0.866667 0.028906 0.094444
0 0.557813 0.829861 0.021875 0.059722
0 0.513281 0.404861 0.032812 0.068056
0 0.507031 0.272222 0.026563 0.044444
0 0.556641 0.179861 0.036719 0.054167
0 0.543750 0.108333 0.023438 0.041667
0 0.360547 0.455556 0.044531 0.072222
0 0.682813 0.702778 0.034375 0.069444
0 0.893359 0.950000 0.025781 0.036111
0 0.907031 0.863194 0.034375 0.045833
0 0.916406 0.795833 0.032812 0.069444
0 0.769141 0.175694 0.033594 0.062500
