0 0.616406 0.421528 0.028125 0.056944
0 0.564844 0.500000 0.023438 0.050000
0 0.564844 0.435417 0.039063 0.065278
0 0.504687 0.584028 0.039063 0.073611
0 0.421094 0.393750 0.035937 0.079167
0 0.384766 0.409722 0.024219 0.069444
0 0.325000 0.323611 0.037500 0.069444
0 0.313672 0.227778 0.046094 0.063889
0 0.291406 0.180556 0.037500 0.044444
0 0.180469 0.659028 0.048437 0.054167
0 0.335938 0.501389 0.029687 0.055556
0 0.365234 0.456250 0.047656 0.090278
0 0.348828 0.647222 0.022656 0.038889
0 0.353125 0.918056 0.029687 0.080556
0 0.403906 0.950000 0.023438 0.033333
0 0.343750 0.047917 0.021875 0.059722
