0 0.544531 0.188194 0.029687 0.070833
0 0.672266 0.054167 0.033594 0.075000
0 0.732422 0.089583 0.046094 0.095833
0 0.743750 0.217361 0.032812 0.065278
0 0.893359 0.093056 0.027344 0.058333
0 0.596094 0.036806 0.031250 0.056944
0 0.498828 0.015972 0.027344 0.031944
0 0.470703 0.038889 0.025781 0.050000
0 0.506250 0.084722 0.025000 0.044444
0 0.412500 0.206944 0.029687 0.058333
0 0.390625 0.323611 0.021875 0.047222
0 0.404297 0.061111 0.027344 0.063889
0 0.371875 0.065278 0.023438 0.055556
0 0.338281 0.159028 0.020312 0.051389
