0 0.010547 0.112500 0.021094 0.086111
0 0.087500 0.115972 0.028125 0.056944
0 0.160547 0.090972 0.028906 0.037500
0 0.130078 0.184722 0.032031 0.041667
0 0.080469 0.277778 0.032812 0.055556
0 0.101563 0.255556 0.025000 0.055556
0 0.020703 0.452778 0.025781 0.061111
0 0.025391 0.417361 0.019531 0.034722
0 0.046094 0.585417 0.020312 0.043056
0 0.057813 0.647917 0.018750 0.031944
0 0.031250 0.729861 0.023438 0.034722
0 0.129688 0.677778 0.025000 0.038889
0 0.165234 0.690972 0.032031 0.037500
0 0.186328 0.836806 0.038281 0.040278
0 0.110547 0.361111 0.021094 0.033333
0 0.132031 0.378472 0.032812 0.031944
0 0.211328 0.420139 0.021094 0.073611
0 0.217969 0.500694 0.026563 0.056944
0 0.222266 0.379861 0.016406 0.040278
0 0.230859 0.409722 0.019531 0.025000
0 0.254297 0.295139 0.019531 0.048611
0 0.278906 0.338889 0.025000 0.047222
0 0.289453 0.197222 0.014844 0.050000
0 0.338672 0.119444 0.021094 0.061111
0 0.332422 0.185417 0.019531 0.040278
0 0.319531 0.229861 0.015625 0.029167
0 0.351953 0.225694 0.019531 0.034722
0 0.329297 0.312500 0.019531 0.036111
0 0.346875 0.317361 0.018750 0.065278
0 0.373047 0.305556 0.021094 0.069444
0 0.508203 0.091667 0.017969 0.066667
0 0.530469 0.383333 0.023438 0.038889
0 0.258594 0.594444 0.021875 0.036111
0 0.292969 0.593750 0.015625 0.031944
0 0.294141 0.645139 0.022656 0.051389
0 0.330469 0.726389 0.039063 0.052778
0 0.342969 0.788194 0.028125 0.043056
0 0.405078 0.837500 0.024219 0.050000
0 0.436719 0.800000 0.020312 0.044444
0 0.419531 0.755556 0.018750 0.072222
0 0.391797 0.670833 0.017969 0.077778
0 0.422656 0.670139 0.028125 0.062500
0 0.431641 0.613194 0.016406 0.043056
0 0.441797 0.573611 0.019531 0.033333
0 0.475781 0.609722 0.021875 0.061111
0 0.499219 0.652778 0.035937 0.041667
0 0.494922 0.700000 0.022656 0.055556
0 0.689844 0.667361 0.018750 0.040278
0 0.815234 0.789583 0.014844 0.026389
