0 0.135937 0.061806 0.035937 0.073611
0 0.098438 0.029167 0.029687 0.052778
0 0.366797 0.818056 0.039844 0.091667
0 0.288281 0.070833 0.031250 0.088889
0 0.427734 0.215972 0.041406 0.095833
0 0.458984 0.085417 0.030469 0.065278
0 0.480469 0.037500 0.025000 0.063889
0 0.469922 0.019444 0.025781 0.033333
0 0.510938 0.030556 0.026563 0.047222
0 0.553125 0.179167 0.032812 0.066667
0 0.648438 0.261806 0.031250 0.084722
0 0.659766 0.481944 0.035156 0.097222
0 0.712891 0.426389 0.028906 0.091667
0 0.809375 0.345139 0.042188 0.079167
0 0.817969 0.163889 0.035937 0.075000
0 0.834766 0.572917 0.036719 0.106944
