0 0.889453 0.236111 0.028906 0.091667
0 0.803125 0.015972 0.014062 0.031944
0 0.557031 0.168056 0.034375 0.102778
0 0.606641 0.202778 0.038281 0.058333
0 0.520703 0.307639 0.016406 0.056944
0 0.450000 0.129861 0.025000 0.045833
0 0.396484 0.197917 0.035156 0.059722
0 0.371875 0.220139 0.029687 0.068056
0 0.406250 0.359722 0.029687 0.063889
0 0.348047 0.126389 0.021094 0.063889
0 0.359375 0.115972 0.028125 0.070833
0 0.376172 0.093056 0.025781 0.061111
0 0.374219 0.038194 0.025000 0.073611
0 0.324609 0.061806 0.039844 0.065278
0 0.290234 0.083333 0.033594 0.058333
0 0.273828 0.140278 0.028906 0.058333
0 0.260938 0.154861 0.032812 0.040278
0 0.237109 0.073611 0.032031 0.052778
0 0.236719 0.287500 0.035937 0.063889
0 0.319531 0.361111 0.026563 0.030556
0 0.149609 0.230556 0.039844 0.055556
0 0.098047 0.193750 0.042969 0.048611
0 0.061328 0.100000 0.028906 0.044444
0 0.019141 0.288194 0.033594 0.059722
0 0.123828 0.711806 0.033594 0.048611
