0 0.654297 0.138889 0.016406 0.069444
0 0.517187 0.045833 0.032812 0.041667
0 0.628516 0.400694 0.032031 0.062500
0 0.602734 0.589583 0.024219 0.034722
0 0.606250 0.656250 0.031250 0.059722
0 0.542969 0.760417 0.034375 0.054167
0 0.451172 0.620833 0.028906 0.050000
0 0.376172 0.602083 0.038281 0.076389
0 0.322656 0.591667 0.018750 0.050000
0 0.317187 0.565278 0.023438 0.036111
0 0.318750 0.525694 0.009375 0.068056
0 0.301562 0.501389 0.015625 0.033333
0 0.296875 0.468056 0.023438 0.047222
0 0.285937 0.421528 0.017188 0.034722
0 0.258594 0.486111 0.018750 0.041667
0 0.258594 0.458333 0.023438 0.030556
0 0.266016 0.643750 0.021094 0.076389
0 0.236328 0.427083 0.021094 0.056944
0 0.244141 0.348611 0.036719 0.050000
0 0.230078 0.292361 0.022656 0.054167
0 0.336719 0.258333 0.015625 0.038889
0 0.234375 0.181250 0.026563 0.062500
0 0.185156 0.244444 0.018750 0.041667
