0 0.581641 0.208333 0.019531 0.050000
0 0.573047 0.040278 0.022656 0.047222
0 0.737891 0.151389 0.024219 0.033333
0 0.943359 0.158333 0.016406 0.058333
0 0.452734 0.140972 0.032031 0.068056
0 0.491797 0.034028 0.027344 0.045833
0 0.455078 0.240278 0.025781 0.052778
0 0.399609 0.460417 0.047656 0.070833
0 0.333984 0.182639 0.025781 0.054167
0 0.293359 0.198611 0.025781 0.058333
0 0.246484 0.236806 0.022656 0.048611
0 0.394141 0.052778 0.027344 0.044444
0 0.301562 0.078472 0.028125 0.054167
0 0.310547 0.042361 0.024219 0.048611
0 0.260156 0.061806 0.026563 0.048611
0 0.182812 0.140972 0.037500 0.062500
0 0.136719 0.126389 0.037500 0.052778
0 0.047266 0.190972 0.044531 0.070833
0 0.103516 0.657639 0.039844 0.056944
0 0.200000 0.587500 0.023438 0.033333
