0 0.050781 0.320833 0.042188 0.055556
0 0.092188 0.138889 0.032812 0.091667
0 0.125781 0.271528 0.025000 0.106944
0 0.171094 0.279861 0.025000 0.076389
0 0.128516 0.779861 0.049219 0.054167
0 0.192188 0.729167 0.029687 0.044444
0 0.288281 0.418056 0.034375 0.086111
0 0.322266 0.456250 0.033594 0.070833
0 0.339063 0.390278 0.026563 0.072222
0 0.328906 0.356944 0.021875 0.080556
0 0.446484 0.349306 0.025781 0.059722
0 0.503906 0.472222 0.029687 0.055556
0 0.963672 0.049306 0.027344 0.051389
0 0.940625 0.045139 0.023438 0.040278
0 0.766406 0.149306 0.031250 0.073611
0 0.707812 0.025694 0.020312 0.040278
0 0.588672 0.201389 0.032031 0.058333
0 0.580078 0.368056 0.035156 0.063889
0 0.518359 0.286806 0.046094 0.051389
0 0.542969 0.021528 0.028125 0.043056
0 0.501953 0.021528 0.028906 0.043056
0 0.479688 0.025000 0.020312 0.033333
0 0.424609 0.165278 0.032031 0.041667
0 0.405859 0.120139 0.032031 0.051389
0 0.370703 0.049306 0.030469 0.062500
0 0.322266 0.043750 0.042969 0.051389
0 0.363672 0.098611 0.032031 0.058333
0 0.372266 0.190972 0.030469 0.048611
0 0.341797 0.119444 0.024219 0.061111
0 0.315234 0.132639 0.035156 0.056944
0 0.285156 0.125000 0.031250 0.041667
0 0.292188 0.171528 0.023438 0.037500
0 0.272656 0.202778 0.034375 0.033333
