0 0.051172 0.190972 0.047656 0.104167
0 0.196484 0.360417 0.067969 0.106944
0 0.206250 0.073611 0.068750 0.100000
0 0.623828 0.150694 0.055469 0.106944
0 0.711719 0.120833 0.067188 0.097222
0 0.739453 0.404167 0.044531 0.111111
0 0.810156 0.687500 0.046875 0.111111
0 0.976953 0.619444 0.035156 0.077778
0 0.985937 0.779167 0.025000 0.144444
0 0.826563 0.858333 0.045313 0.080556
0 0.874609 0.416667 0.038281 0.080556
0 0.890234 0.311111 0.050781 0.080556
0 0.857031 0.280556 0.048437 0.083333
0 0.825781 0.199306 0.040625 0.098611
0 0.786719 0.102083 0.059375 0.084722
0 0.847266 0.134722 0.036719 0.080556
0 0.883984 0.178472 0.035156 0.090278
0 0.985547 0.269444 0.027344 0.061111
