0 0.814062 0.072917 0.018750 0.048611
0 0.768750 0.152778 0.017188 0.050000
0 0.749219 0.211111 0.023438 0.077778
0 0.725000 0.147917 0.017188 0.065278
0 0.662109 0.131944 0.021094 0.058333
0 0.664453 0.072917 0.014844 0.048611
0 0.533203 0.090972 0.032031 0.051389
0 0.619531 0.284722 0.034375 0.080556
0 0.440625 0.206944 0.029687 0.102778
0 0.446875 0.034028 0.018750 0.056944
0 0.400000 0.239583 0.031250 0.065278
0 0.256641 0.029861 0.032031 0.045833
0 0.226172 0.155556 0.038281 0.086111
0 0.192578 0.184028 0.033594 0.068056
0 0.230859 0.350694 0.036719 0.062500
0 0.293750 0.483333 0.043750 0.097222
0 0.109375 0.408333 0.015625 0.027778
0 0.061328 0.418056 0.027344 0.050000
