0 0.646094 0.681944 0.031250 0.069444
0 0.607422 0.365972 0.032031 0.073611
0 0.850781 0.028472 0.025000 0.056944
0 0.596875 0.427083 0.029687 0.048611
0 0.610547 0.459028 0.028906 0.054167
0 0.531250 0.489583 0.029687 0.070833
0 0.494141 0.035417 0.022656 0.048611
0 0.366406 0.022222 0.028125 0.038889
0 0.338281 0.218056 0.042188 0.061111
0 0.318359 0.158333 0.025781 0.041667
0 0.362891 0.317361 0.036719 0.054167
0 0.385547 0.428472 0.028906 0.045833
0 0.363672 0.467361 0.027344 0.045833
0 0.215234 0.623611 0.036719 0.055556
0 0.192969 0.136806 0.028125 0.076389
