0 0.415234 0.393056 0.064844 0.069444
0 0.471484 0.300694 0.053906 0.070833
0 0.525391 0.263889 0.047656 0.063889
0 0.480859 0.136806 0.057031 0.087500
0 0.640234 0.193750 0.050781 0.087500
0 0.748047 0.231250 0.060156 0.101389
0 0.694531 0.581250 0.045313 0.045833
0 0.704297 0.802083 0.039844 0.070833
0 0.770312 0.481250 0.039063 0.095833
0 0.952344 0.336111 0.062500 0.097222
0 0.864844 0.090972 0.042188 0.106944
0 0.435547 0.672917 0.064844 0.098611
0 0.486719 0.824306 0.037500 0.106944
0 0.385547 0.544444 0.072656 0.133333
0 0.307031 0.354861 0.053125 0.151389
0 0.290234 0.604167 0.033594 0.113889
0 0.194922 0.436806 0.061719 0.115278
0 0.179688 0.317361 0.045313 0.079167
0 0.193359 0.372222 0.035156 0.077778
0 0.049609 0.751389 0.066406 0.075000
0 0.040234 0.064583 0.032031 0.056944
0 0.707422 0.932639 0.028906 0.045833
0 0.825391 0.765972 0.049219 0.093056
0 0.853906 0.654861 0.042188 0.109722
