0 0.892187 0.247917 0.034375 0.056944
0 0.826172 0.059028 0.022656 0.059722
0 0.614844 0.223611 0.039063 0.061111
0 0.552734 0.152083 0.028906 0.068056
0 0.528516 0.140278 0.027344 0.066667
0 0.538672 0.327083 0.042969 0.084722
0 0.414844 0.218056 0.029687 0.061111
0 0.383594 0.045833 0.026563 0.047222
0 0.375000 0.126389 0.029687 0.058333
0 0.388281 0.219444 0.026563 0.058333
0 0.423047 0.384028 0.041406 0.059722
0 0.347656 0.147222 0.035937 0.063889
0 0.340234 0.102778 0.033594 0.063889
0 0.321875 0.075694 0.028125 0.059722
0 0.290234 0.111111 0.039844 0.072222
0 0.277734 0.145833 0.032031 0.047222
0 0.261328 0.174306 0.025781 0.056944
0 0.239063 0.109722 0.025000 0.058333
0 0.247266 0.293750 0.024219 0.070833
0 0.152734 0.251389 0.046094 0.055556
0 0.100000 0.224306 0.029687 0.062500
0 0.056250 0.119444 0.028125 0.050000
0 0.021875 0.318056 0.031250 0.069444
0 0.132813 0.720139 0.039063 0.070833
0 0.316016 0.393056 0.033594 0.055556
