0 0.122656 0.429861 0.023438 0.084722
0 0.072656 0.407639 0.056250 0.076389
0 0.182031 0.184028 0.028125 0.062500
0 0.204688 0.143750 0.026563 0.051389
0 0.225781 0.136111 0.026563 0.066667
0 0.251172 0.026389 0.033594 0.038889
0 0.316797 0.532639 0.044531 0.098611
0 0.434375 0.540972 0.037500 0.068056
0 0.522656 0.168750 0.004688 0.001389
0 0.531250 0.208333 0.039063 0.091667
0 0.564453 0.091667 0.033594 0.080556
0 0.643359 0.253472 0.033594 0.068056
0 0.725391 0.201389 0.028906 0.075000
0 0.712109 0.100694 0.017969 0.068056
0 0.762500 0.191667 0.026563 0.036111
0 0.746875 0.114583 0.018750 0.062500
0 0.794141 0.102083 0.030469 0.065278
0 0.825391 0.036806 0.021094 0.056944
