0 0.776172 0.697917 0.039844 0.112500
0 0.705859 0.757639 0.030469 0.090278
0 0.800391 0.456250 0.039844 0.104167
0 0.683594 0.081944 0.035937 0.088889
0 0.701172 0.041667 0.016406 0.055556
0 0.542188 0.275694 0.042188 0.056944
0 0.518750 0.077778 0.029687 0.102778
0 0.555469 0.411806 0.034375 0.126389
0 0.525781 0.609028 0.029687 0.106944
0 0.528516 0.965972 0.022656 0.068056
0 0.425000 0.986111 0.017188 0.027778
0 0.158203 0.370139 0.044531 0.093056
0 0.056250 0.777778 0.046875 0.094444
0 0.306641 0.122222 0.036719 0.100000
0 0.892578 0.529167 0.046094 0.058333
0 0.906250 0.421528 0.032812 0.115278
0 0.878125 0.570833 0.029687 0.072222
0 0.941016 0.681250 0.028906 0.070833
0 0.939062 0.753472 0.039063 0.062500
0 0.929297 0.797917 0.044531 0.090278
0 0.729688 0.948611 0.051562 0.080556
0 0.841016 0.045139 0.038281 0.087500
