0 0.825391 0.100000 0.027344 0.075000
0 0.785156 0.186806 0.020312 0.087500
0 0.751172 0.172222 0.025781 0.050000
0 0.739062 0.159722 0.026563 0.083333
0 0.684375 0.052778 0.025000 0.069444
0 0.670313 0.147917 0.021875 0.090278
0 0.625391 0.288889 0.028906 0.066667
0 0.813281 0.707639 0.035937 0.045833
0 0.547266 0.096528 0.030469 0.048611
0 0.462500 0.067361 0.028125 0.043056
0 0.453125 0.177083 0.028125 0.051389
0 0.436328 0.180556 0.021094 0.058333
0 0.358594 0.102778 0.023438 0.086111
0 0.296875 0.484028 0.018750 0.054167
0 0.226953 0.145139 0.033594 0.048611
0 0.194141 0.195833 0.022656 0.055556
0 0.106641 0.404861 0.024219 0.040278
0 0.075781 0.445139 0.018750 0.040278
