0 0.180078 0.160417 0.032031 0.087500
0 0.159766 0.081250 0.036719 0.081944
0 0.043359 0.127083 0.042969 0.101389
0 0.091406 0.345833 0.045313 0.105556
0 0.253516 0.252778 0.032031 0.086111
0 0.347266 0.089583 0.032031 0.109722
0 0.355469 0.329167 0.035937 0.083333
0 0.305078 0.783333 0.042969 0.080556
0 0.416406 0.038889 0.032812 0.077778
0 0.493750 0.081250 0.046875 0.070833
0 0.496875 0.184722 0.045313 0.066667
0 0.561328 0.195139 0.044531 0.084722
0 0.657422 0.147917 0.046094 0.098611
0 0.841406 0.909722 0.070313 0.116667
0 0.962109 0.919444 0.058594 0.108333
