0 0.678125 0.455556 0.021875 0.050000
0 0.839063 0.765278 0.021875 0.069444
0 0.723828 0.335417 0.011719 0.031944
0 0.696875 0.319444 0.029687 0.058333
0 0.736719 0.205556 0.031250 0.055556
0 0.755078 0.158333 0.016406 0.052778
0 0.726172 0.015972 0.030469 0.020833
0 0.652344 0.037500 0.017188 0.030556
0 0.657812 0.083333 0.023438 0.052778
0 0.644922 0.088194 0.014844 0.034722
0 0.621484 0.047222 0.027344 0.080556
0 0.653906 0.152083 0.020312 0.062500
0 0.675781 0.277778 0.017188 0.088889
0 0.650391 0.290972 0.027344 0.054167
0 0.639453 0.238889 0.021094 0.041667
0 0.621094 0.259722 0.014062 0.091667
0 0.632031 0.170833 0.025000 0.052778
0 0.614453 0.115972 0.017969 0.068056
0 0.587109 0.060417 0.036719 0.068056
0 0.565234 0.161111 0.011719 0.063889
0 0.587500 0.185417 0.021875 0.023611
0 0.559766 0.131944 0.027344 0.052778
0 0.560547 0.081250 0.025781 0.056944
0 0.546875 0.053472 0.025000 0.048611
0 0.552734 0.019444 0.019531 0.036111
0 0.535156 0.011111 0.012500 0.016667
0 0.505078 0.050000 0.025781 0.052778
0 0.473047 0.049306 0.028906 0.045833
0 0.492969 0.015278 0.028125 0.030556
0 0.612891 0.373611 0.021094 0.063889
0 0.593750 0.379861 0.015625 0.068056
0 0.544141 0.464583 0.021094 0.065278
0 0.523438 0.413194 0.026563 0.062500
0 0.501562 0.447222 0.017188 0.061111
0 0.468359 0.473611 0.027344 0.066667
0 0.537109 0.544444 0.025781 0.052778
0 0.513672 0.564583 0.016406 0.056944
0 0.502344 0.617361 0.017188 0.056944
0 0.486719 0.663194 0.018750 0.043056
0 0.462500 0.571528 0.017188 0.056944
0 0.418750 0.565972 0.023438 0.070833
0 0.351563 0.659722 0.023438 0.075000
0 0.280078 0.781250 0.038281 0.076389
0 0.256641 0.946528 0.042969 0.040278
0 0.158203 0.734722 0.011719 0.052778
0 0.187500 0.751389 0.025000 0.061111
0 0.189453 0.690278 0.021094 0.036111
0 0.192969 0.655556 0.017188 0.052778
0 0.202734 0.594444 0.032031 0.044444
0 0.199219 0.546528 0.020312 0.062500
0 0.093359 0.802778 0.021094 0.119444
0 0.026172 0.697917 0.017969 0.070833
0 0.038672 0.269444 0.017969 0.077778
0 0.147266 0.435417 0.013281 0.065278
0 0.179297 0.407639 0.017969 0.051389
0 0.166797 0.275000 0.032031 0.097222
0 0.210938 0.391667 0.023438 0.066667
0 0.234375 0.424306 0.029687 0.070833
0 0.319141 0.391667 0.021094 0.066667
0 0.309375 0.289583 0.015625 0.081944
0 0.291406 0.243056 0.029687 0.047222
0 0.280859 0.286806 0.021094 0.076389
0 0.338281 0.234722 0.023438 0.075000
0 0.255078 0.154861 0.036719 0.056944
0 0.283203 0.029861 0.025781 0.045833
0 0.329688 0.025000 0.025000 0.036111
0 0.354297 0.088194 0.027344 0.059722
0 0.539453 0.329167 0.027344 0.061111
0 0.533984 0.227778 0.019531 0.052778
0 0.538281 0.105556 0.023438 0.069444
0 0.519141 0.143750 0.033594 0.093056
0 0.491406 0.136806 0.020312 0.037500
0 0.512109 0.197222 0.022656 0.066667
0 0.518750 0.309722 0.020312 0.061111
0 0.480859 0.352778 0.027344 0.047222
0 0.456250 0.338194 0.017188 0.048611
0 0.454297 0.299306 0.021094 0.068056
0 0.484766 0.286111 0.027344 0.050000
0 0.463672 0.268056 0.019531 0.041667
0 0.487109 0.238889 0.019531 0.069444
0 0.469141 0.243056 0.019531 0.058333
0 0.455469 0.216667 0.032812 0.066667
0 0.429688 0.254167 0.025000 0.055556
0 0.443750 0.138889 0.023438 0.077778
0 0.420703 0.106944 0.030469 0.038889
0 0.400000 0.096528 0.018750 0.029167
0 0.439844 0.077083 0.034375 0.059722
