0 0.753516 0.397917 0.041406 0.090278
0 0.670703 0.525694 0.047656 0.070833
0 0.571484 0.931944 0.032031 0.086111
0 0.604297 0.944444 0.028906 0.072222
0 0.234766 0.320833 0.030469 0.063889
0 0.303125 0.613194 0.057813 0.087500
0 0.182812 0.277778 0.034375 0.088889
0 0.137500 0.177778 0.046875 0.086111
0 0.142188 0.110417 0.035937 0.048611
0 0.298047 0.104861 0.055469 0.076389
0 0.348828 0.038194 0.039844 0.054167
0 0.376172 0.074306 0.039844 0.065278
0 0.405469 0.032639 0.031250 0.051389
0 0.062891 0.118750 0.033594 0.065278
0 0.042188 0.133333 0.034375 0.058333
0 0.032812 0.362500 0.040625 0.080556
0 0.885547 0.800694 0.033594 0.081944
