0 0.644531 0.438889 0.032812 0.066667
0 0.834375 0.041667 0.015625 0.022222
0 0.570313 0.467361 0.015625 0.031944
0 0.557813 0.526389 0.025000 0.052778
0 0.517578 0.495833 0.016406 0.047222
0 0.320313 0.528472 0.034375 0.034722
0 0.330078 0.452778 0.022656 0.044444
0 0.314453 0.476389 0.035156 0.086111
0 0.285937 0.439583 0.018750 0.045833
0 0.289453 0.325000 0.027344 0.052778
0 0.285156 0.234722 0.028125 0.052778
0 0.272266 0.170833 0.021094 0.025000
0 0.307813 0.039583 0.037500 0.051389
0 0.429297 0.031250 0.016406 0.034722
0 0.088281 0.702083 0.034375 0.034722
