0 0.196094 0.651389 0.046875 0.058333
0 0.191406 0.795139 0.062500 0.065278
0 0.301953 0.721528 0.032031 0.040278
0 0.296484 0.675694 0.033594 0.062500
0 0.288672 0.450000 0.039844 0.055556
0 0.359375 0.140972 0.028125 0.068056
0 0.372266 0.775694 0.030469 0.073611
0 0.369141 0.951389 0.028906 0.047222
0 0.621094 0.309028 0.039063 0.040278
0 0.750781 0.047222 0.043750 0.069444
0 0.712109 0.213889 0.025781 0.055556
0 0.547656 0.464583 0.032812 0.037500
0 0.550781 0.569444 0.043750 0.047222
0 0.670703 0.588194 0.055469 0.081944
0 0.752734 0.485417 0.036719 0.045833
