0 0.172266 0.254167 0.021094 0.069444
0 0.120312 0.090972 0.029687 0.043056
0 0.167187 0.031944 0.015625 0.063889
0 0.281641 0.347917 0.022656 0.062500
0 0.234375 0.469444 0.018750 0.061111
0 0.154297 0.484722 0.028906 0.044444
0 0.093359 0.539583 0.022656 0.065278
0 0.161719 0.571528 0.037500 0.059722
0 0.201953 0.600000 0.033594 0.047222
0 0.237891 0.641667 0.028906 0.080556
0 0.220703 0.780556 0.019531 0.061111
0 0.315234 0.697222 0.030469 0.058333
0 0.298828 0.893750 0.017969 0.070833
0 0.328906 0.945833 0.025000 0.075000
0 0.879687 0.066667 0.028125 0.075000
0 0.848047 0.130556 0.021094 0.086111
0 0.792188 0.090278 0.023438 0.063889
0 0.849219 0.202778 0.021875 0.058333
0 0.846484 0.272222 0.027344 0.066667
0 0.771094 0.216667 0.035937 0.086111
0 0.801562 0.322917 0.028125 0.090278
0 0.765234 0.477778 0.025781 0.066667
0 0.737109 0.498611 0.028906 0.072222
0 0.725391 0.715972 0.027344 0.081944
0 0.712500 0.339583 0.031250 0.068056
0 0.701172 0.283333 0.014844 0.061111
0 0.722266 0.150694 0.030469 0.043056
0 0.703125 0.095139 0.025000 0.076389
0 0.668359 0.163889 0.027344 0.038889
0 0.648438 0.129167 0.023438 0.052778
0 0.686719 0.213889 0.039063 0.066667
0 0.663672 0.260417 0.021094 0.045833
0 0.637891 0.265278 0.028906 0.047222
0 0.630859 0.315278 0.032031 0.061111
0 0.680078 0.426389 0.027344 0.077778
0 0.648828 0.644444 0.017969 0.044444
0 0.596094 0.566667 0.026563 0.041667
0 0.584375 0.513889 0.023438 0.055556
0 0.587891 0.665278 0.036719 0.041667
0 0.598437 0.695833 0.018750 0.041667
0 0.586328 0.735417 0.024219 0.043056
0 0.529297 0.472222 0.017969 0.069444
0 0.516016 0.515278 0.027344 0.086111
0 0.586719 0.286806 0.020312 0.062500
0 0.594922 0.181944 0.032031 0.083333
0 0.573438 0.140972 0.026563 0.056944
0 0.584375 0.106944 0.028125 0.050000
0 0.574219 0.054861 0.020312 0.056944
0 0.536328 0.032639 0.030469 0.043056
0 0.516016 0.055556 0.024219 0.041667
0 0.528906 0.094444 0.023438 0.044444
0 0.498437 0.111111 0.023438 0.047222
0 0.523047 0.157639 0.024219 0.045833
0 0.522656 0.218056 0.012500 0.041667
0 0.545703 0.282639 0.030469 0.068056
0 0.508984 0.316667 0.027344 0.069444
0 0.498047 0.229861 0.019531 0.051389
0 0.469141 0.231250 0.021094 0.065278
0 0.453906 0.246528 0.023438 0.065278
0 0.436328 0.265278 0.022656 0.058333
0 0.422266 0.263194 0.030469 0.051389
0 0.406641 0.214583 0.019531 0.054167
0 0.410547 0.181250 0.025781 0.051389
0 0.391797 0.072222 0.022656 0.052778
0 0.478125 0.068056 0.020312 0.061111
0 0.451172 0.058333 0.008594 0.047222
0 0.348047 0.314583 0.022656 0.048611
0 0.439453 0.360417 0.021094 0.051389
0 0.406641 0.304861 0.022656 0.051389
0 0.458984 0.375694 0.014844 0.034722
0 0.476172 0.428472 0.019531 0.068056
0 0.454297 0.454861 0.022656 0.059722
0 0.455469 0.520833 0.020312 0.063889
0 0.416016 0.463889 0.021094 0.066667
0 0.387891 0.400000 0.027344 0.069444
0 0.401172 0.613889 0.030469 0.083333
0 0.433203 0.601389 0.027344 0.063889
0 0.495703 0.631944 0.035156 0.088889
0 0.500000 0.757639 0.015625 0.070833
0 0.433984 0.781944 0.027344 0.030556
