0 0.335156 0.638194 0.032812 0.104167
0 0.317969 0.860417 0.021875 0.045833
0 0.299609 0.810417 0.035156 0.065278
0 0.381250 0.763889 0.025000 0.063889
0 0.131250 0.261111 0.040625 0.069444
0 0.444531 0.214583 0.034375 0.059722
0 0.547266 0.384028 0.036719 0.123611
0 0.591406 0.668750 0.028125 0.045833
0 0.629687 0.752778 0.042188 0.111111
0 0.835156 0.635417 0.043750 0.062500
0 0.640625 0.120139 0.031250 0.062500
0 0.667578 0.036111 0.035156 0.069444
0 0.730859 0.132639 0.058594 0.079167
0 0.989453 0.423611 0.017969 0.088889
