0 0.621484 0.375000 0.025781 0.072222
0 0.572266 0.425000 0.030469 0.061111
0 0.576953 0.482639 0.025781 0.040278
0 0.572266 0.633333 0.022656 0.047222
0 0.419922 0.765972 0.030469 0.031944
0 0.361328 0.600694 0.021094 0.056944
0 0.181641 0.643056 0.027344 0.041667
0 0.348437 0.473611 0.023438 0.069444
0 0.367578 0.425000 0.030469 0.052778
0 0.392969 0.356944 0.023438 0.047222
0 0.313281 0.207639 0.028125 0.040278
0 0.299609 0.165972 0.022656 0.054167
0 0.353906 0.026389 0.032812 0.050000
0 0.183203 0.152083 0.032031 0.070833
0 0.341016 0.303472 0.027344 0.056944
