0 0.059375 0.384722 0.029687 0.044444
0 0.068359 0.354861 0.028906 0.045833
0 0.154297 0.368750 0.021094 0.037500
0 0.171484 0.740972 0.014844 0.043056
0 0.182031 0.904861 0.014062 0.040278
0 0.306250 0.439583 0.025000 0.062500
0 0.291797 0.238194 0.013281 0.048611
0 0.333203 0.263194 0.025781 0.051389
0 0.228906 0.159028 0.025000 0.048611
0 0.175391 0.163889 0.014844 0.036111
0 0.173047 0.074306 0.014844 0.043056
0 0.060156 0.172917 0.023438 0.054167
0 0.138281 0.255556 0.042188 0.055556
0 0.366016 0.606250 0.024219 0.079167
0 0.389844 0.745833 0.020312 0.050000
0 0.367969 0.852083 0.015625 0.040278
0 0.382031 0.968750 0.029687 0.056944
0 0.420312 0.967361 0.017188 0.043056
0 0.512109 0.827778 0.027344 0.050000
0 0.479297 0.644444 0.014844 0.036111
0 0.461719 0.598611 0.026563 0.044444
0 0.427344 0.628472 0.018750 0.043056
0 0.428516 0.531944 0.014844 0.036111
0 0.443359 0.504861 0.022656 0.045833
0 0.500781 0.552083 0.021875 0.048611
0 0.481250 0.161111 0.037500 0.052778
0 0.404687 0.024306 0.025000 0.043056
0 0.455469 0.015972 0.020312 0.029167
0 0.580078 0.143056 0.014844 0.025000
0 0.623828 0.036111 0.039844 0.047222
0 0.642578 0.091667 0.030469 0.044444
0 0.671875 0.329861 0.018750 0.031944
0 0.680859 0.385417 0.014844 0.043056
0 0.700000 0.146528 0.020312 0.048611
0 0.715234 0.040278 0.017969 0.025000
0 0.737500 0.097917 0.015625 0.031944
0 0.634766 0.858333 0.016406 0.038889
0 0.935547 0.425694 0.022656 0.037500
0 0.830469 0.927083 0.021875 0.051389
0 0.804297 0.694444 0.019531 0.036111
