0 0.057813 0.108333 0.028125 0.061111
0 0.151172 0.145139 0.022656 0.048611
0 0.144922 0.377778 0.027344 0.038889
0 0.271875 0.547222 0.020312 0.044444
0 0.242969 0.434722 0.017188 0.033333
0 0.232812 0.315278 0.021875 0.050000
0 0.292969 0.217361 0.017188 0.034722
0 0.266797 0.190278 0.016406 0.036111
0 0.332812 0.186111 0.029687 0.066667
0 0.386328 0.238194 0.017969 0.040278
0 0.421484 0.220833 0.016406 0.047222
0 0.329688 0.057639 0.018750 0.037500
0 0.302344 0.015278 0.021875 0.030556
0 0.492969 0.070833 0.015625 0.036111
0 0.580469 0.138889 0.026563 0.047222
0 0.707812 0.032639 0.035937 0.045833
0 0.750391 0.077083 0.030469 0.048611
0 0.717188 0.193056 0.023438 0.055556
0 0.773438 0.313889 0.028125 0.066667
0 0.801562 0.135417 0.023438 0.068056
0 0.821875 0.015972 0.020312 0.029167
0 0.827344 0.059028 0.035937 0.051389
0 0.894922 0.149306 0.021094 0.054167
0 0.382422 0.475694 0.019531 0.037500
0 0.286328 0.932639 0.021094 0.048611
0 0.242969 0.949306 0.025000 0.040278
0 0.464453 0.626389 0.013281 0.063889
0 0.537109 0.568750 0.024219 0.045833
0 0.555078 0.619444 0.014844 0.030556
0 0.555859 0.654167 0.017969 0.030556
0 0.564453 0.690972 0.019531 0.031944
0 0.479688 0.770833 0.018750 0.038889
0 0.469531 0.884028 0.026563 0.048611
0 0.605859 0.741667 0.019531 0.044444
0 0.606250 0.833333 0.026563 0.075000
0 0.647656 0.560417 0.018750 0.054167
0 0.924609 0.660417 0.014844 0.043056
0 0.953906 0.912500 0.021875 0.050000
