0 0.982031 0.229167 0.028125 0.063889
0 0.768359 0.049306 0.027344 0.062500
0 0.586328 0.178472 0.042969 0.079167
0 0.583594 0.279167 0.035937 0.091667
0 0.555469 0.372917 0.031250 0.073611
0 0.512500 0.439583 0.037500 0.056944
0 0.454297 0.336111 0.032031 0.044444
0 0.428906 0.293056 0.029687 0.058333
0 0.481250 0.159028 0.025000 0.051389
0 0.424609 0.165278 0.030469 0.052778
0 0.404297 0.104167 0.027344 0.036111
0 0.371094 0.058333 0.025000 0.036111
0 0.379687 0.018056 0.031250 0.036111
0 0.321094 0.020833 0.031250 0.019444
0 0.342187 0.077083 0.034375 0.056944
0 0.378125 0.152778 0.020312 0.061111
0 0.392188 0.265278 0.032812 0.077778
0 0.314844 0.100000 0.026563 0.066667
0 0.300391 0.107639 0.028906 0.054167
0 0.305469 0.157639 0.023438 0.040278
0 0.273438 0.140972 0.029687 0.051389
0 0.299609 0.361111 0.028906 0.097222
0 0.346094 0.368750 0.029687 0.059722
0 0.183203 0.247222 0.027344 0.063889
0 0.132031 0.227083 0.023438 0.056944
0 0.092188 0.111111 0.017188 0.044444
0 0.055859 0.309722 0.027344 0.088889
0 0.141016 0.765972 0.039844 0.093056
0 0.201953 0.715972 0.019531 0.051389
