0 0.865234 0.300000 0.022656 0.058333
0 0.850391 0.195833 0.022656 0.069444
0 0.767187 0.159722 0.029687 0.077778
0 0.751562 0.262500 0.021875 0.075000
0 0.735156 0.338889 0.035937 0.069444
0 0.691406 0.293750 0.028125 0.040278
0 0.738672 0.113194 0.021094 0.043056
0 0.735156 0.048611 0.010937 0.058333
0 0.708594 0.041667 0.017188 0.072222
0 0.665625 0.069444 0.020312 0.044444
0 0.659375 0.102083 0.025000 0.065278
0 0.666797 0.162500 0.019531 0.055556
0 0.657422 0.185417 0.024219 0.045833
0 0.646094 0.154861 0.023438 0.040278
0 0.639063 0.094444 0.012500 0.055556
0 0.619141 0.134722 0.025781 0.047222
0 0.616797 0.095833 0.025781 0.052778
0 0.619922 0.213889 0.032031 0.066667
0 0.661328 0.301389 0.028906 0.047222
0 0.651172 0.260417 0.032031 0.054167
0 0.632813 0.278472 0.021875 0.056944
0 0.643750 0.404167 0.025000 0.069444
0 0.623047 0.431250 0.021094 0.087500
0 0.572266 0.293056 0.025781 0.050000
0 0.571484 0.491667 0.042969 0.058333
0 0.538281 0.457639 0.029687 0.073611
0 0.560156 0.556250 0.037500 0.054167
0 0.567969 0.611111 0.021875 0.055556
0 0.536719 0.607639 0.031250 0.043056
0 0.532812 0.653472 0.028125 0.054167
0 0.494141 0.665972 0.032031 0.051389
0 0.459766 0.589583 0.022656 0.056944
0 0.487891 0.581944 0.024219 0.077778
0 0.427734 0.668750 0.027344 0.068056
0 0.361719 0.682639 0.029687 0.076389
0 0.287500 0.722917 0.028125 0.048611
0 0.286719 0.788889 0.040625 0.066667
0 0.484766 0.459028 0.036719 0.029167
0 0.464063 0.361806 0.014062 0.051389
0 0.487109 0.365278 0.017969 0.063889
0 0.528906 0.303472 0.020312 0.054167
0 0.580859 0.123611 0.027344 0.038889
0 0.570313 0.165278 0.026563 0.061111
0 0.565625 0.089583 0.021875 0.065278
0 0.550391 0.049306 0.021094 0.051389
0 0.563281 0.021528 0.023438 0.043056
0 0.518359 0.053472 0.021094 0.043056
0 0.499609 0.018056 0.024219 0.025000
0 0.467578 0.046528 0.021094 0.031944
0 0.545703 0.104167 0.014844 0.036111
0 0.535547 0.136111 0.022656 0.063889
0 0.516406 0.146528 0.025000 0.056944
0 0.516406 0.230556 0.029687 0.033333
0 0.493750 0.323611 0.025000 0.036111
0 0.469141 0.328472 0.017969 0.031944
0 0.435156 0.275694 0.020312 0.040278
0 0.487109 0.289583 0.050781 0.056944
0 0.490234 0.257639 0.017969 0.043056
0 0.471484 0.260417 0.021094 0.043056
0 0.464063 0.243750 0.026563 0.056944
0 0.448438 0.166667 0.031250 0.063889
0 0.452734 0.119444 0.025781 0.055556
0 0.424609 0.145139 0.024219 0.065278
0 0.412500 0.111111 0.028125 0.036111
0 0.437109 0.040278 0.038281 0.063889
0 0.354297 0.100694 0.035156 0.098611
0 0.309766 0.168750 0.028906 0.070833
0 0.325391 0.292361 0.019531 0.054167
0 0.357031 0.290278 0.023438 0.058333
0 0.293750 0.272917 0.031250 0.040278
0 0.282031 0.186111 0.023438 0.058333
0 0.315234 0.423611 0.025781 0.075000
0 0.282813 0.472222 0.026563 0.080556
0 0.234766 0.440278 0.030469 0.061111
0 0.146094 0.452083 0.015625 0.054167
0 0.134766 0.507639 0.017969 0.054167
0 0.104687 0.478472 0.021875 0.048611
0 0.197266 0.549306 0.022656 0.045833
0 0.223047 0.616667 0.027344 0.080556
0 0.191406 0.672222 0.020312 0.061111
0 0.155469 0.754861 0.015625 0.054167
0 0.169531 0.295833 0.026563 0.058333
0 0.285156 0.072222 0.028125 0.052778
0 0.012500 0.740278 0.020312 0.038889
