0 0.178125 0.265972 0.031250 0.070833
0 0.187500 0.093056 0.021875 0.102778
0 0.211719 0.381250 0.020312 0.059722
0 0.225781 0.455556 0.017188 0.061111
0 0.136328 0.464583 0.014844 0.084722
0 0.094141 0.532639 0.036719 0.098611
0 0.180078 0.604167 0.057031 0.055556
0 0.197266 0.542361 0.025781 0.056944
0 0.210938 0.732639 0.029687 0.081944
0 0.197266 0.887500 0.032031 0.080556
0 0.176953 0.898611 0.064844 0.044444
0 0.323047 0.852778 0.024219 0.069444
0 0.399219 0.870833 0.023438 0.069444
0 0.383984 0.827083 0.000781 0.073611
0 0.335547 0.777083 0.032031 0.045833
0 0.323047 0.665972 0.036719 0.059722
0 0.354297 0.470833 0.019531 0.052778
0 0.320703 0.386111 0.010156 0.055556
0 0.641797 0.667361 0.017969 0.056944
0 0.643750 0.606250 0.021875 0.079167
0 0.587500 0.564583 0.023438 0.054167
0 0.561328 0.595139 0.019531 0.081944
0 0.594922 0.713889 0.024219 0.091667
0 0.492188 0.693056 0.025000 0.069444
0 0.421484 0.611111 0.022656 0.047222
0 0.429688 0.561111 0.021875 0.050000
0 0.476172 0.520833 0.024219 0.050000
0 0.508203 0.500000 0.022656 0.058333
0 0.611328 0.432639 0.027344 0.043056
0 0.642187 0.416667 0.029687 0.055556
0 0.611719 0.395139 0.020312 0.051389
0 0.601563 0.288889 0.018750 0.058333
0 0.569141 0.432639 0.021094 0.070833
0 0.480859 0.452778 0.025781 0.066667
0 0.439844 0.387500 0.025000 0.066667
0 0.481641 0.400694 0.032031 0.051389
0 0.822266 0.399306 0.033594 0.023611
0 0.901953 0.220139 0.033594 0.045833
0 0.919141 0.125000 0.019531 0.066667
0 0.838672 0.090278 0.030469 0.077778
0 0.847266 0.051389 0.022656 0.063889
0 0.782031 0.044444 0.035937 0.063889
0 0.742578 0.098611 0.027344 0.102778
0 0.743750 0.320833 0.029687 0.041667
0 0.727734 0.273611 0.021094 0.069444
0 0.704297 0.149306 0.017969 0.076389
0 0.683203 0.120139 0.013281 0.054167
0 0.676953 0.075694 0.016406 0.056944
0 0.665234 0.027083 0.008594 0.040278
0 0.656641 0.158333 0.028906 0.063889
0 0.676172 0.215972 0.027344 0.051389
0 0.673437 0.275000 0.020312 0.050000
0 0.644922 0.248611 0.027344 0.055556
0 0.631250 0.219444 0.029687 0.047222
0 0.577734 0.172222 0.024219 0.052778
0 0.578125 0.097917 0.015625 0.068056
0 0.550000 0.079167 0.018750 0.055556
0 0.565625 0.065972 0.020312 0.045833
0 0.571875 0.031250 0.018750 0.045833
0 0.522656 0.039583 0.034375 0.054167
0 0.500391 0.034028 0.024219 0.029167
0 0.496094 0.081944 0.028125 0.069444
0 0.542969 0.129167 0.031250 0.027778
0 0.513281 0.177083 0.015625 0.040278
0 0.558203 0.235417 0.022656 0.051389
0 0.503125 0.286111 0.031250 0.038889
0 0.497656 0.331944 0.025000 0.072222
0 0.492578 0.234722 0.019531 0.038889
0 0.470313 0.234028 0.028125 0.084722
0 0.474219 0.356944 0.025000 0.075000
0 0.443750 0.277778 0.029687 0.044444
0 0.427734 0.222222 0.016406 0.050000
0 0.385156 0.258333 0.018750 0.050000
0 0.335156 0.196528 0.015625 0.054167
0 0.408594 0.162500 0.032812 0.055556
0 0.458984 0.116667 0.024219 0.066667
0 0.427734 0.142361 0.014844 0.065278
