0 0.809375 0.069444 0.048437 0.105556
0 0.769141 0.102778 0.036719 0.086111
0 0.654297 0.027778 0.066406 0.050000
0 0.631641 0.093056 0.046094 0.083333
0 0.538672 0.097917 0.032031 0.062500
0 0.578516 0.254861 0.036719 0.112500
0 0.484766 0.449306 0.041406 0.068056
0 0.429688 0.457639 0.045313 0.106944
0 0.495313 0.544444 0.050000 0.108333
0 0.794531 0.577083 0.056250 0.118056
0 0.723047 0.784722 0.035156 0.063889
0 0.794922 0.768750 0.074219 0.109722
0 0.818359 0.965278 0.036719 0.052778
0 0.883203 0.935417 0.035156 0.054167
0 0.934375 0.856944 0.045313 0.063889
0 0.928125 0.682639 0.054688 0.101389
0 0.180469 0.154167 0.071875 0.075000
0 0.188672 0.123611 0.052344 0.075000
0 0.249219 0.622222 0.023438 0.063889
