0 0.730469 0.062500 0.031250 0.061111
0 0.712500 0.025000 0.021875 0.047222
0 0.684375 0.024306 0.025000 0.043056
0 0.691797 0.191667 0.036719 0.058333
0 0.642187 0.091667 0.023438 0.050000
0 0.644141 0.060417 0.024219 0.045833
0 0.633984 0.095833 0.024219 0.050000
0 0.612891 0.065972 0.021094 0.051389
0 0.575391 0.054167 0.022656 0.069444
0 0.579687 0.015278 0.031250 0.013889
0 0.543359 0.006250 0.039844 0.009722
0 0.502734 0.006944 0.032031 0.002778
0 0.524609 0.044444 0.013281 0.052778
0 0.460156 0.055556 0.025000 0.052778
0 0.492578 0.067361 0.019531 0.043056
0 0.512891 0.086111 0.016406 0.047222
0 0.547656 0.095139 0.015625 0.040278
0 0.543750 0.143056 0.015625 0.019444
0 0.556250 0.180556 0.012500 0.044444
0 0.626562 0.165972 0.015625 0.051389
0 0.608594 0.205556 0.020312 0.050000
0 0.590625 0.152083 0.026563 0.056944
0 0.582422 0.195833 0.019531 0.055556
0 0.709375 0.343750 0.021875 0.065278
0 0.673828 0.327083 0.022656 0.084722
0 0.653125 0.261111 0.023438 0.069444
0 0.635547 0.289583 0.024219 0.056944
0 0.624219 0.245139 0.026563 0.054167
0 0.614453 0.265278 0.017969 0.094444
0 0.599609 0.368750 0.024219 0.068056
0 0.578125 0.377083 0.023438 0.065278
0 0.579297 0.786111 0.027344 0.088889
0 0.532031 0.344444 0.029687 0.080556
0 0.523438 0.244444 0.034375 0.063889
0 0.521094 0.122222 0.023438 0.050000
0 0.500781 0.150694 0.029687 0.095833
0 0.498437 0.222222 0.018750 0.041667
0 0.474219 0.140278 0.028125 0.055556
0 0.503125 0.317361 0.021875 0.059722
0 0.530469 0.468056 0.025000 0.066667
0 0.517187 0.438889 0.017188 0.058333
0 0.518750 0.552778 0.029687 0.025000
0 0.507813 0.577083 0.018750 0.070833
0 0.484375 0.602083 0.028125 0.065278
0 0.472266 0.674306 0.027344 0.084722
0 0.407813 0.839583 0.035937 0.068056
0 0.450781 0.577778 0.032812 0.069444
0 0.453906 0.489583 0.017188 0.048611
0 0.469141 0.489583 0.022656 0.081944
0 0.464453 0.355556 0.022656 0.041667
0 0.442969 0.329861 0.015625 0.059722
0 0.463281 0.284722 0.018750 0.038889
0 0.473047 0.241667 0.017969 0.063889
0 0.454688 0.252778 0.012500 0.063889
0 0.432813 0.217361 0.015625 0.054167
0 0.445313 0.284722 0.020312 0.058333
0 0.436719 0.147917 0.026563 0.070833
0 0.428516 0.088889 0.022656 0.058333
0 0.409375 0.139583 0.035937 0.065278
0 0.397656 0.098611 0.021875 0.036111
0 0.416406 0.286111 0.023438 0.061111
0 0.355469 0.199306 0.025000 0.048611
0 0.342578 0.095139 0.027344 0.056944
0 0.323828 0.055556 0.019531 0.050000
0 0.273438 0.128472 0.028125 0.045833
0 0.246484 0.159722 0.024219 0.061111
0 0.269141 0.250694 0.021094 0.045833
0 0.272266 0.295139 0.025781 0.037500
0 0.300000 0.401389 0.026563 0.063889
0 0.345313 0.661806 0.025000 0.051389
0 0.260547 0.785417 0.035156 0.051389
0 0.246094 0.370139 0.010937 0.045833
0 0.197266 0.325694 0.019531 0.054167
0 0.216797 0.416667 0.027344 0.058333
0 0.155078 0.295139 0.028906 0.093056
0 0.133594 0.468056 0.031250 0.086111
0 0.183203 0.545833 0.033594 0.063889
0 0.182031 0.637500 0.029687 0.063889
0 0.182422 0.715278 0.021094 0.058333
0 0.162109 0.788889 0.017969 0.058333
0 0.145313 0.746528 0.026563 0.062500
0 0.078906 0.804167 0.046875 0.063889
0 0.017578 0.697917 0.027344 0.056944
0 0.127734 0.924306 0.027344 0.059722
