0 0.891797 0.243750 0.027344 0.081944
0 0.940234 0.035417 0.022656 0.048611
0 0.757813 0.056250 0.023438 0.065278
0 0.631250 0.237500 0.037500 0.066667
0 0.605859 0.122917 0.038281 0.090278
0 0.555078 0.171528 0.025781 0.054167
0 0.534766 0.325000 0.022656 0.080556
0 0.449609 0.355556 0.039844 0.066667
0 0.447266 0.255556 0.032031 0.055556
0 0.386719 0.118056 0.028125 0.063889
0 0.384375 0.184722 0.020312 0.047222
0 0.364062 0.166667 0.023438 0.069444
0 0.364453 0.072222 0.035156 0.075000
0 0.338672 0.100000 0.028906 0.066667
0 0.309375 0.122222 0.032812 0.061111
0 0.299609 0.178472 0.032031 0.051389
0 0.283594 0.109722 0.026563 0.069444
0 0.251953 0.096528 0.019531 0.073611
0 0.287891 0.386111 0.035156 0.055556
0 0.172266 0.265278 0.036719 0.077778
0 0.121484 0.231944 0.038281 0.080556
0 0.075000 0.129167 0.028125 0.052778
0 0.041406 0.311806 0.028125 0.081944
0 0.137891 0.746528 0.046094 0.051389
0 0.186328 0.739583 0.033594 0.045833
