0 0.819141 0.077778 0.024219 0.058333
0 0.780078 0.162500 0.017969 0.066667
0 0.728906 0.165278 0.034375 0.055556
0 0.767578 0.261806 0.022656 0.040278
0 0.691406 0.106944 0.017188 0.050000
0 0.680078 0.119444 0.014844 0.052778
0 0.626562 0.270139 0.023438 0.076389
0 0.545313 0.091667 0.021875 0.069444
0 0.446094 0.188889 0.031250 0.075000
0 0.396875 0.276389 0.034375 0.075000
0 0.299219 0.493056 0.034375 0.055556
0 0.224219 0.125000 0.021875 0.052778
0 0.196484 0.181250 0.021094 0.073611
0 0.199219 0.362500 0.025000 0.075000
0 0.118750 0.400694 0.023438 0.029167
0 0.071875 0.402083 0.017188 0.026389
0 0.244141 0.025694 0.033594 0.040278
