0 0.628516 0.464583 0.025781 0.059722
0 0.660156 0.438889 0.031250 0.058333
0 0.703125 0.437500 0.035937 0.066667
0 0.685938 0.303472 0.037500 0.087500
0 0.733984 0.259028 0.041406 0.068056
0 0.788672 0.320139 0.038281 0.076389
0 0.607031 0.237500 0.037500 0.080556
0 0.587109 0.361806 0.036719 0.076389
0 0.554688 0.238889 0.046875 0.080556
0 0.562500 0.097222 0.020312 0.063889
0 0.326562 0.047222 0.028125 0.069444
0 0.343359 0.009028 0.025781 0.018056
0 0.286719 0.053472 0.032812 0.056944
0 0.261328 0.109028 0.041406 0.084722
0 0.203125 0.233333 0.040625 0.075000
0 0.258203 0.243056 0.044531 0.069444
0 0.264062 0.345139 0.028125 0.093056
0 0.291406 0.340278 0.031250 0.080556
0 0.307031 0.313194 0.025000 0.090278
0 0.280078 0.434028 0.035156 0.068056
0 0.269141 0.500694 0.042969 0.079167
0 0.176563 0.565972 0.050000 0.081944
0 0.140625 0.890278 0.045313 0.066667
0 0.204297 0.872917 0.038281 0.073611
0 0.346484 0.677778 0.032031 0.061111
0 0.377344 0.541667 0.029687 0.088889
0 0.404297 0.458333 0.021094 0.075000
0 0.467187 0.409722 0.037500 0.055556
0 0.444531 0.270833 0.028125 0.058333
0 0.444141 0.213889 0.030469 0.061111
0 0.525391 0.557639 0.046094 0.093056
0 0.529297 0.836806 0.036719 0.045833
0 0.675000 0.772917 0.035937 0.081944
0 0.635547 0.681944 0.036719 0.111111
0 0.785156 0.729861 0.029687 0.073611
0 0.798047 0.688889 0.030469 0.075000
0 0.823438 0.750000 0.025000 0.055556
0 0.832422 0.808333 0.028906 0.086111
0 0.855469 0.788194 0.029687 0.079167
0 0.987500 0.890972 0.023438 0.098611
