0 0.988281 0.623611 0.021875 0.036111
0 0.980469 0.659722 0.032812 0.038889
0 0.985156 0.709722 0.028125 0.058333
0 0.941016 0.699306 0.028906 0.051389
0 0.936719 0.647222 0.032812 0.050000
0 0.863672 0.711806 0.036719 0.043056
0 0.874609 0.750694 0.028906 0.040278
0 0.875781 0.782639 0.051562 0.056944
0 0.956641 0.872222 0.042969 0.086111
0 0.980859 0.820833 0.036719 0.086111
0 0.812109 0.929167 0.025781 0.069444
0 0.703516 0.808333 0.042969 0.080556
0 0.654297 0.761806 0.030469 0.070833
0 0.679688 0.714583 0.035937 0.065278
0 0.579687 0.640278 0.046875 0.077778
0 0.547656 0.720833 0.043750 0.094444
0 0.494922 0.889583 0.028906 0.087500
0 0.427734 0.777778 0.041406 0.091667
0 0.377344 0.750000 0.042188 0.069444
0 0.376563 0.852083 0.034375 0.081944
0 0.337891 0.920139 0.050781 0.073611
0 0.266406 0.909722 0.032812 0.069444
0 0.203516 0.883333 0.035156 0.086111
0 0.109766 0.722222 0.041406 0.091667
0 0.057031 0.694444 0.021875 0.044444
0 0.085938 0.841667 0.020312 0.044444
0 0.027344 0.531944 0.032812 0.047222
0 0.133203 0.267361 0.038281 0.056944
0 0.211328 0.270833 0.033594 0.047222
0 0.283984 0.313889 0.039844 0.069444
0 0.188672 0.029861 0.033594 0.045833
0 0.235547 0.022917 0.027344 0.045833
0 0.333984 0.138889 0.044531 0.058333
0 0.363281 0.209028 0.043750 0.056944
0 0.380078 0.284722 0.025781 0.052778
0 0.378906 0.400000 0.029687 0.050000
0 0.401172 0.516667 0.044531 0.077778
0 0.443359 0.552778 0.030469 0.055556
0 0.391797 0.665972 0.032031 0.037500
0 0.790234 0.563194 0.028906 0.056944
0 0.815625 0.576389 0.023438 0.055556
0 0.835547 0.619444 0.025781 0.066667
0 0.939844 0.315972 0.034375 0.065278
0 0.939453 0.268750 0.027344 0.043056
0 0.901172 0.291667 0.033594 0.063889
0 0.876172 0.263889 0.033594 0.038889
0 0.919531 0.193750 0.037500 0.054167
0 0.898047 0.152083 0.046094 0.070833
0 0.907422 0.089583 0.035156 0.062500
0 0.879687 0.203472 0.028125 0.059722
0 0.834375 0.165278 0.029687 0.075000
0 0.821875 0.299306 0.035937 0.098611
0 0.791016 0.244444 0.033594 0.052778
0 0.766406 0.286806 0.050000 0.065278
0 0.770312 0.377083 0.034375 0.076389
0 0.737891 0.358333 0.028906 0.077778
0 0.751562 0.458333 0.037500 0.077778
0 0.565234 0.504861 0.044531 0.084722
0 0.520312 0.542361 0.023438 0.056944
0 0.468750 0.435417 0.045313 0.073611
0 0.441016 0.331944 0.041406 0.077778
0 0.448438 0.290972 0.029687 0.045833
0 0.463281 0.231250 0.026563 0.065278
0 0.491406 0.314583 0.026563 0.062500
0 0.550000 0.380556 0.039063 0.077778
0 0.558203 0.322222 0.035156 0.091667
0 0.646875 0.309722 0.042188 0.086111
0 0.635547 0.290972 0.030469 0.062500
0 0.612500 0.231944 0.034375 0.080556
0 0.644922 0.202778 0.039844 0.091667
0 0.674609 0.122222 0.022656 0.058333
0 0.720703 0.039583 0.030469 0.054167
0 0.640234 0.063889 0.038281 0.077778
0 0.551562 0.053472 0.037500 0.059722
0 0.464844 0.081250 0.045313 0.070833
0 0.460156 0.142361 0.031250 0.054167
0 0.437500 0.155556 0.037500 0.055556
0 0.388672 0.088194 0.024219 0.070833
0 0.353906 0.021528 0.015625 0.020833
0 0.401172 0.022222 0.022656 0.027778
