0 0.825391 0.870833 0.035156 0.058333
0 0.813672 0.896528 0.016406 0.043056
0 0.794531 0.865972 0.026563 0.073611
0 0.672266 0.888194 0.028906 0.051389
0 0.686328 0.750694 0.036719 0.051389
0 0.687500 0.686111 0.034375 0.069444
0 0.646875 0.717361 0.021875 0.087500
0 0.573047 0.770833 0.028906 0.080556
0 0.545703 0.879167 0.028906 0.077778
0 0.548047 0.967361 0.041406 0.065278
0 0.500781 0.935417 0.028125 0.051389
0 0.242969 0.900000 0.039063 0.075000
0 0.199219 0.877778 0.025000 0.052778
0 0.046875 0.921528 0.031250 0.056944
0 0.013281 0.852778 0.026563 0.044444
0 0.123828 0.792361 0.053906 0.062500
0 0.206250 0.625694 0.031250 0.048611
0 0.147266 0.549306 0.032031 0.051389
0 0.294141 0.438889 0.030469 0.080556
0 0.344922 0.453472 0.024219 0.054167
0 0.361328 0.230556 0.024219 0.055556
0 0.376172 0.200000 0.021094 0.038889
0 0.315625 0.078472 0.021875 0.065278
0 0.279297 0.163889 0.032031 0.075000
0 0.465234 0.285417 0.042969 0.065278
0 0.525781 0.280556 0.026563 0.063889
0 0.520703 0.375694 0.021094 0.070833
0 0.491797 0.372222 0.022656 0.086111
0 0.501562 0.575694 0.017188 0.112500
0 0.525391 0.703472 0.030469 0.059722
0 0.592578 0.623611 0.024219 0.091667
0 0.558984 0.543056 0.028906 0.097222
0 0.558984 0.464583 0.021094 0.073611
0 0.589063 0.474306 0.021875 0.056944
0 0.662500 0.563889 0.021875 0.080556
0 0.683594 0.529861 0.026563 0.068056
0 0.787109 0.495139 0.024219 0.068056
0 0.762891 0.481250 0.016406 0.043056
0 0.737891 0.401389 0.024219 0.094444
0 0.769531 0.363889 0.028125 0.069444
0 0.808984 0.332639 0.032031 0.084722
0 0.760547 0.246528 0.027344 0.062500
0 0.691797 0.252778 0.046094 0.097222
0 0.637500 0.285417 0.025000 0.051389
0 0.665234 0.378472 0.027344 0.106944
0 0.623047 0.226389 0.017969 0.055556
0 0.610547 0.385417 0.022656 0.081944
0 0.590234 0.331250 0.021094 0.076389
0 0.560938 0.315972 0.017188 0.045833
0 0.554688 0.161111 0.042188 0.058333
0 0.537109 0.204167 0.028906 0.047222
0 0.484766 0.202083 0.038281 0.059722
0 0.598437 0.145833 0.023438 0.036111
0 0.592578 0.111806 0.019531 0.056944
0 0.570703 0.132639 0.016406 0.056944
0 0.869922 0.171528 0.024219 0.073611
0 0.844531 0.047222 0.026563 0.050000
0 0.903906 0.143750 0.032812 0.104167
0 0.854297 0.240972 0.038281 0.073611
0 0.844922 0.450000 0.025781 0.102778
0 0.871484 0.545833 0.027344 0.091667
0 0.897656 0.556944 0.018750 0.083333
0 0.876562 0.654861 0.018750 0.098611
0 0.921875 0.775000 0.012500 0.077778
0 0.941016 0.795139 0.011719 0.059722
0 0.964453 0.818056 0.021094 0.072222
0 0.960938 0.493750 0.029687 0.098611
0 0.918750 0.450000 0.028125 0.111111
