0 0.195703 0.040972 0.025781 0.068056
0 0.338672 0.175000 0.041406 0.080556
0 0.369531 0.051389 0.037500 0.063889
0 0.389844 0.010417 0.026563 0.018056
0 0.463281 0.151389 0.026563 0.066667
0 0.548437 0.223611 0.042188 0.080556
0 0.562109 0.445139 0.042969 0.104167
0 0.614062 0.380556 0.040625 0.091667
0 0.267188 0.759028 0.039063 0.084722
0 0.730078 0.519444 0.038281 0.077778
0 0.710547 0.287500 0.047656 0.086111
0 0.717578 0.124306 0.038281 0.087500
0 0.853516 0.275000 0.038281 0.111111
0 0.916406 0.375000 0.035937 0.088889
0 0.941797 0.721528 0.025781 0.109722
