0 0.591016 0.176389 0.035156 0.066667
0 0.745703 0.261111 0.042969 0.091667
0 0.964844 0.061806 0.031250 0.048611
0 0.551172 0.106250 0.047656 0.087500
0 0.534766 0.030556 0.030469 0.033333
0 0.551953 0.363889 0.036719 0.069444
0 0.462500 0.286111 0.043750 0.055556
0 0.460938 0.381944 0.035937 0.047222
0 0.393359 0.543750 0.024219 0.087500
0 0.482422 0.176389 0.027344 0.075000
0 0.437500 0.073611 0.032812 0.063889
0 0.412109 0.022222 0.027344 0.030556
0 0.379687 0.090972 0.040625 0.048611
0 0.370703 0.059722 0.036719 0.044444
0 0.351953 0.080556 0.025781 0.052778
0 0.339844 0.039583 0.018750 0.040278
0 0.312891 0.130556 0.036719 0.055556
0 0.323438 0.172222 0.017188 0.027778
0 0.378906 0.199306 0.025000 0.051389
0 0.344922 0.329861 0.024219 0.045833
0 0.308203 0.316667 0.028906 0.063889
0 0.296875 0.241667 0.032812 0.044444
0 0.258984 0.196528 0.027344 0.043056
0 0.276172 0.393750 0.047656 0.079167
0 0.180078 0.288889 0.036719 0.050000
0 0.133984 0.289583 0.038281 0.070833
0 0.040625 0.364583 0.046875 0.070833
0 0.106250 0.845833 0.040625 0.086111
