0 0.832031 0.069444 0.018750 0.055556
0 0.786719 0.151389 0.021875 0.069444
0 0.777734 0.300694 0.022656 0.054167
0 0.743359 0.156250 0.022656 0.059722
0 0.714453 0.166667 0.024219 0.063889
0 0.690625 0.122917 0.017188 0.059722
0 0.639844 0.272222 0.034375 0.072222
0 0.550781 0.089583 0.026563 0.062500
0 0.466406 0.217361 0.032812 0.054167
0 0.407813 0.264583 0.021875 0.056944
0 0.310156 0.488194 0.034375 0.054167
0 0.241797 0.129167 0.027344 0.075000
0 0.243750 0.027083 0.029687 0.043056
0 0.205469 0.144444 0.025000 0.055556
0 0.181641 0.315972 0.025781 0.051389
0 0.125000 0.390972 0.021875 0.045833
0 0.298047 0.445833 0.019531 0.036111
0 0.071484 0.381944 0.017969 0.047222
