0 0.819141 0.098611 0.028906 0.066667
0 0.780078 0.201389 0.033594 0.097222
0 0.744531 0.193056 0.031250 0.050000
0 0.735156 0.142361 0.029687 0.062500
0 0.684766 0.057639 0.022656 0.056944
0 0.661719 0.147917 0.020312 0.062500
0 0.622266 0.293056 0.027344 0.080556
0 0.796094 0.689583 0.023438 0.073611
0 0.545313 0.112500 0.037500 0.050000
0 0.456250 0.086111 0.039063 0.047222
0 0.446484 0.179861 0.000781 0.001389
0 0.455078 0.204861 0.036719 0.065278
0 0.411719 0.211806 0.023438 0.065278
0 0.221094 0.164583 0.040625 0.076389
0 0.192969 0.181250 0.051562 0.093056
0 0.267969 0.503472 0.018750 0.062500
0 0.257813 0.015278 0.021875 0.027778
0 0.109766 0.425694 0.019531 0.056944
0 0.073047 0.450000 0.019531 0.044444
0 0.287891 0.480556 0.022656 0.041667
