0 0.909375 0.077778 0.018750 0.052778
0 0.857813 0.029861 0.025000 0.031944
0 0.794141 0.063194 0.016406 0.051389
0 0.743359 0.065972 0.025781 0.051389
0 0.717578 0.147917 0.024219 0.062500
0 0.681641 0.087500 0.021094 0.025000
0 0.668750 0.040972 0.020312 0.034722
0 0.809375 0.338194 0.023438 0.059722
0 0.734375 0.309722 0.014062 0.038889
0 0.757031 0.313194 0.018750 0.056944
0 0.688281 0.184028 0.028125 0.034722
0 0.683203 0.225694 0.022656 0.043056
0 0.675391 0.294444 0.021094 0.058333
0 0.654297 0.256250 0.024219 0.040278
0 0.632031 0.205556 0.021875 0.038889
0 0.656641 0.161111 0.019531 0.058333
0 0.668750 0.607639 0.010937 0.043056
0 0.665234 0.663889 0.035156 0.047222
0 0.588281 0.565972 0.017188 0.059722
0 0.567578 0.611111 0.022656 0.058333
0 0.591797 0.692361 0.024219 0.059722
0 0.581641 0.720139 0.021094 0.048611
0 0.646484 0.458333 0.027344 0.041667
0 0.650000 0.413194 0.010937 0.043056
0 0.631641 0.413889 0.013281 0.063889
0 0.618359 0.306944 0.028906 0.058333
0 0.583594 0.338889 0.017188 0.030556
0 0.576953 0.383333 0.025781 0.063889
0 0.551562 0.279167 0.025000 0.075000
0 0.550391 0.208333 0.028906 0.044444
0 0.548047 0.154861 0.021094 0.045833
0 0.579687 0.179167 0.031250 0.036111
0 0.593359 0.129861 0.016406 0.051389
0 0.572266 0.126389 0.010156 0.041667
0 0.572266 0.086806 0.019531 0.048611
0 0.575000 0.052083 0.021875 0.051389
0 0.528125 0.055556 0.040625 0.077778
0 0.495313 0.094444 0.026563 0.113889
0 0.516797 0.187500 0.016406 0.063889
0 0.512891 0.311111 0.014844 0.055556
0 0.498828 0.322222 0.021094 0.058333
0 0.499609 0.245139 0.019531 0.065278
0 0.490234 0.269444 0.024219 0.077778
0 0.474609 0.243056 0.016406 0.050000
0 0.447656 0.122917 0.021875 0.048611
0 0.446875 0.184028 0.028125 0.062500
0 0.417188 0.159722 0.029687 0.055556
0 0.431641 0.220833 0.016406 0.055556
0 0.401172 0.222222 0.027344 0.050000
0 0.399219 0.267361 0.020312 0.040278
0 0.400781 0.062500 0.021875 0.075000
0 0.358984 0.192361 0.022656 0.062500
0 0.449219 0.306250 0.020312 0.056944
0 0.477344 0.338889 0.025000 0.050000
0 0.492578 0.418056 0.022656 0.066667
0 0.443750 0.403472 0.015625 0.034722
0 0.496484 0.453472 0.028906 0.054167
0 0.477344 0.511111 0.020312 0.061111
0 0.487109 0.725000 0.008594 0.047222
0 0.427344 0.643750 0.031250 0.073611
0 0.429688 0.575000 0.020312 0.058333
0 0.437891 0.916667 0.022656 0.069444
0 0.333594 0.872917 0.031250 0.070833
0 0.350391 0.801389 0.038281 0.083333
0 0.346875 0.745833 0.028125 0.052778
0 0.327344 0.667361 0.031250 0.093056
0 0.267969 0.296528 0.014062 0.034722
0 0.273828 0.084722 0.022656 0.077778
0 0.352734 0.027778 0.016406 0.050000
0 0.187109 0.289583 0.044531 0.104167
0 0.234766 0.422222 0.019531 0.044444
0 0.221484 0.480556 0.033594 0.061111
0 0.204688 0.551389 0.034375 0.050000
0 0.214062 0.616667 0.031250 0.088889
0 0.228906 0.750000 0.039063 0.058333
0 0.175391 0.922917 0.022656 0.040278
0 0.205078 0.924306 0.028906 0.065278
0 0.108984 0.543750 0.030469 0.051389
0 0.150781 0.463194 0.021875 0.051389
