0 0.078516 0.502083 0.017969 0.034722
0 0.105859 0.465972 0.022656 0.068056
0 0.139062 0.463889 0.017188 0.047222
0 0.161328 0.302778 0.035156 0.061111
0 0.239453 0.184722 0.028906 0.055556
0 0.276172 0.279167 0.028906 0.072222
0 0.223828 0.437500 0.022656 0.038889
0 0.196484 0.571528 0.027344 0.051389
0 0.190234 0.667361 0.019531 0.054167
0 0.158594 0.788889 0.018750 0.050000
0 0.097266 0.832639 0.030469 0.051389
0 0.258203 0.577778 0.024219 0.050000
0 0.283984 0.465278 0.027344 0.061111
0 0.302344 0.435417 0.021875 0.045833
0 0.366406 0.338194 0.025000 0.051389
0 0.355078 0.709028 0.028906 0.034722
0 0.338281 0.728472 0.010937 0.026389
0 0.284375 0.813194 0.028125 0.051389
0 0.305859 0.174306 0.014844 0.056944
0 0.341406 0.076389 0.029687 0.058333
0 0.408984 0.127778 0.017969 0.044444
0 0.420703 0.142361 0.017969 0.059722
0 0.430859 0.113194 0.019531 0.034722
0 0.441797 0.150000 0.016406 0.038889
0 0.462109 0.073611 0.019531 0.033333
0 0.468750 0.038889 0.021875 0.041667
0 0.498047 0.068750 0.019531 0.043056
0 0.546484 0.049306 0.011719 0.029167
0 0.554688 0.025000 0.021875 0.036111
0 0.541016 0.098611 0.019531 0.044444
0 0.557422 0.084028 0.019531 0.031944
0 0.535547 0.128472 0.022656 0.037500
0 0.504687 0.132639 0.010937 0.048611
0 0.515234 0.134722 0.014844 0.041667
0 0.505078 0.214583 0.024219 0.051389
0 0.481641 0.250694 0.014844 0.034722
0 0.467578 0.263194 0.014844 0.034722
0 0.455078 0.242361 0.025781 0.045833
0 0.425000 0.279167 0.014062 0.033333
0 0.483594 0.286111 0.023438 0.041667
0 0.486328 0.328472 0.014844 0.043056
0 0.463281 0.334028 0.021875 0.031944
0 0.476172 0.352083 0.013281 0.034722
0 0.466406 0.373611 0.026563 0.041667
0 0.423828 0.496528 0.010156 0.037500
0 0.461328 0.525000 0.016406 0.033333
0 0.421094 0.578472 0.015625 0.031944
0 0.483203 0.597222 0.019531 0.044444
0 0.487891 0.681250 0.014844 0.037500
0 0.527344 0.618750 0.018750 0.029167
0 0.526563 0.643056 0.018750 0.041667
0 0.572656 0.610417 0.023438 0.043056
0 0.554297 0.553472 0.017969 0.043056
0 0.552344 0.473611 0.018750 0.027778
0 0.564844 0.438194 0.014062 0.037500
0 0.623438 0.431944 0.020312 0.044444
0 0.644922 0.379861 0.022656 0.040278
0 0.566016 0.300000 0.019531 0.055556
0 0.530078 0.302778 0.017969 0.050000
0 0.510938 0.273611 0.029687 0.047222
0 0.572656 0.185417 0.018750 0.034722
0 0.573438 0.150000 0.029687 0.063889
0 0.598828 0.112500 0.021094 0.055556
0 0.610547 0.069444 0.024219 0.047222
0 0.657031 0.057639 0.025000 0.040278
0 0.636328 0.081250 0.016406 0.031944
0 0.668750 0.090278 0.018750 0.025000
0 0.656641 0.103472 0.016406 0.029167
0 0.643359 0.120139 0.017969 0.034722
0 0.632422 0.142361 0.017969 0.031944
0 0.615234 0.147222 0.021094 0.044444
0 0.614453 0.207639 0.019531 0.029167
0 0.625781 0.276389 0.012500 0.047222
0 0.640625 0.265972 0.020312 0.037500
0 0.648438 0.293750 0.014062 0.037500
0 0.689453 0.281250 0.021094 0.048611
0 0.747656 0.327083 0.025000 0.037500
0 0.776563 0.212500 0.028125 0.044444
0 0.715234 0.167361 0.019531 0.040278
0 0.700391 0.147917 0.016406 0.034722
0 0.690234 0.105556 0.011719 0.030556
0 0.709375 0.029861 0.023438 0.040278
0 0.732813 0.047917 0.020312 0.043056
0 0.846094 0.059722 0.025000 0.050000
0 0.971875 0.102083 0.018750 0.040278
