0 0.855078 0.168750 0.030469 0.056944
0 0.828906 0.118750 0.021875 0.040278
0 0.880859 0.075000 0.027344 0.069444
0 0.798828 0.268750 0.021094 0.065278
0 0.783984 0.192361 0.025781 0.062500
0 0.758594 0.262500 0.021875 0.075000
0 0.707422 0.238889 0.027344 0.058333
0 0.698047 0.113889 0.021094 0.063889
0 0.619922 0.384028 0.025781 0.051389
0 0.575391 0.211806 0.035156 0.084722
0 0.505859 0.177083 0.035156 0.065278
0 0.482812 0.236806 0.031250 0.068056
0 0.484766 0.436111 0.022656 0.052778
0 0.433984 0.301389 0.025781 0.036111
0 0.433984 0.122222 0.021094 0.088889
0 0.370703 0.024306 0.024219 0.045833
0 0.301562 0.107639 0.020312 0.059722
0 0.227734 0.100694 0.028906 0.068056
0 0.265234 0.218750 0.030469 0.079167
0 0.248047 0.300694 0.022656 0.068056
0 0.327344 0.559722 0.028125 0.066667
0 0.164844 0.469444 0.025000 0.041667
0 0.121875 0.115972 0.031250 0.048611
