0 0.251953 0.084722 0.028906 0.066667
0 0.280469 0.079167 0.026563 0.052778
0 0.186328 0.058333 0.046094 0.066667
0 0.197656 0.334028 0.059375 0.104167
0 0.037891 0.438194 0.021094 0.045833
0 0.073437 0.561111 0.031250 0.061111
0 0.099219 0.750694 0.026563 0.045833
0 0.147266 0.777778 0.046094 0.069444
0 0.235938 0.936111 0.035937 0.072222
0 0.300391 0.949306 0.042969 0.062500
0 0.410937 0.809722 0.046875 0.061111
0 0.411328 0.899306 0.025781 0.034722
0 0.462891 0.850000 0.041406 0.063889
0 0.436328 0.717361 0.039844 0.095833
0 0.434375 0.566667 0.029687 0.080556
0 0.476172 0.607639 0.025781 0.051389
0 0.417969 0.452778 0.026563 0.044444
0 0.324219 0.361111 0.026563 0.061111
0 0.265234 0.352778 0.038281 0.069444
0 0.370313 0.174306 0.042188 0.059722
0 0.404687 0.265972 0.021875 0.065278
0 0.421875 0.286806 0.023438 0.073611
0 0.476953 0.404167 0.055469 0.105556
0 0.488672 0.362500 0.033594 0.069444
0 0.518359 0.494444 0.047656 0.102778
0 0.502734 0.314583 0.033594 0.073611
0 0.530859 0.338889 0.028906 0.063889
0 0.479688 0.217361 0.029687 0.073611
0 0.497656 0.193750 0.034375 0.059722
0 0.489844 0.131944 0.037500 0.050000
0 0.501562 0.029167 0.039063 0.058333
0 0.461328 0.038194 0.038281 0.062500
0 0.442578 0.072917 0.046094 0.062500
0 0.426953 0.025000 0.052344 0.047222
0 0.404687 0.101389 0.040625 0.077778
0 0.437109 0.159028 0.033594 0.043056
0 0.581641 0.438194 0.027344 0.079167
0 0.595312 0.406250 0.032812 0.062500
0 0.600000 0.575694 0.029687 0.068056
0 0.558203 0.596528 0.019531 0.037500
0 0.608203 0.676389 0.027344 0.072222
0 0.582422 0.762500 0.027344 0.069444
0 0.535547 0.963889 0.036719 0.052778
0 0.593359 0.120833 0.028906 0.080556
0 0.651172 0.288194 0.036719 0.068056
0 0.676953 0.263194 0.032031 0.065278
0 0.679297 0.120833 0.044531 0.069444
0 0.710547 0.204167 0.036719 0.075000
0 0.672656 0.346528 0.025000 0.034722
0 0.692578 0.379167 0.027344 0.050000
0 0.706250 0.728472 0.026563 0.054167
0 0.730469 0.783333 0.042188 0.083333
0 0.692187 0.782639 0.035937 0.070833
0 0.746875 0.877083 0.042188 0.051389
0 0.832422 0.636111 0.028906 0.063889
0 0.855078 0.645833 0.021094 0.047222
0 0.880078 0.681944 0.033594 0.061111
0 0.900781 0.778472 0.021875 0.048611
0 0.925000 0.863194 0.034375 0.056944
0 0.918359 0.806250 0.025781 0.037500
0 0.855859 0.977778 0.041406 0.044444
0 0.786719 0.500694 0.042188 0.070833
0 0.808594 0.440972 0.042188 0.073611
0 0.806250 0.352778 0.029687 0.083333
0 0.829297 0.311111 0.027344 0.047222
0 0.856641 0.354861 0.027344 0.059722
0 0.769922 0.396528 0.032031 0.045833
0 0.778125 0.435417 0.026563 0.043056
0 0.764063 0.109722 0.037500 0.069444
0 0.816797 0.022917 0.022656 0.040278
0 0.879297 0.226389 0.041406 0.058333
0 0.947266 0.146528 0.035156 0.040278
0 0.934766 0.216667 0.033594 0.052778
0 0.962891 0.265972 0.044531 0.048611
0 0.921875 0.263194 0.020312 0.059722
0 0.922266 0.352083 0.033594 0.065278
0 0.940625 0.368056 0.037500 0.052778
0 0.975000 0.329861 0.031250 0.070833
0 0.981250 0.387500 0.025000 0.055556
0 0.983203 0.778472 0.024219 0.068056
0 0.980859 0.727778 0.021094 0.041667
0 0.988672 0.931250 0.021094 0.076389
0 0.019922 0.693056 0.030469 0.075000
0 0.130469 0.904861 0.037500 0.054167
0 0.378125 0.981944 0.053125 0.036111
