0 0.602734 0.332639 0.039844 0.048611
0 0.620703 0.380556 0.032031 0.066667
0 0.587891 0.406250 0.028906 0.040278
0 0.589063 0.445139 0.039063 0.056944
0 0.546094 0.414583 0.023438 0.045833
0 0.645703 0.659722 0.038281 0.052778
0 0.483594 0.025694 0.037500 0.029167
0 0.358203 0.018750 0.035156 0.037500
0 0.312891 0.143750 0.039844 0.056944
0 0.326172 0.205556 0.028906 0.066667
0 0.360938 0.298611 0.042188 0.063889
0 0.373437 0.410417 0.035937 0.059722
0 0.369922 0.465972 0.033594 0.081944
0 0.221094 0.604861 0.037500 0.048611
