0 0.662891 0.261111 0.038281 0.066667
0 0.616016 0.327083 0.038281 0.073611
0 0.596484 0.389583 0.028906 0.029167
0 0.600781 0.432639 0.028125 0.054167
0 0.694922 0.740278 0.041406 0.063889
0 0.896484 0.888194 0.035156 0.079167
0 0.508594 0.456250 0.021875 0.068056
0 0.386719 0.403472 0.045313 0.070833
0 0.366406 0.443056 0.032812 0.075000
0 0.359375 0.265972 0.037500 0.068056
0 0.338281 0.184722 0.039063 0.047222
0 0.323438 0.138889 0.029687 0.047222
0 0.194141 0.124306 0.014844 0.065278
0 0.231641 0.590972 0.046094 0.065278
