0 0.018750 0.413889 0.035937 0.086111
0 0.096484 0.890278 0.032031 0.119444
0 0.104687 0.353472 0.032812 0.115278
0 0.162891 0.329167 0.035156 0.088889
0 0.259766 0.458333 0.042969 0.063889
0 0.183203 0.815972 0.036719 0.043056
0 0.287500 0.207639 0.023438 0.068056
0 0.301172 0.184722 0.028906 0.044444
0 0.288672 0.140278 0.019531 0.044444
0 0.316406 0.103472 0.025000 0.051389
0 0.329297 0.093056 0.022656 0.047222
0 0.333203 0.167361 0.017969 0.040278
0 0.360547 0.162500 0.030469 0.050000
0 0.308594 0.225694 0.017188 0.031944
0 0.358984 0.246528 0.027344 0.037500
0 0.370313 0.041667 0.029687 0.055556
0 0.405078 0.140972 0.022656 0.040278
0 0.443359 0.154167 0.038281 0.050000
0 0.459375 0.013194 0.025000 0.023611
0 0.484375 0.085417 0.020312 0.051389
0 0.521094 0.129861 0.035937 0.045833
0 0.542188 0.072222 0.029687 0.050000
0 0.731250 0.058333 0.025000 0.058333
0 0.748438 0.270139 0.025000 0.045833
0 0.588281 0.275694 0.034375 0.065278
0 0.536719 0.472917 0.029687 0.056944
0 0.491797 0.484722 0.032031 0.055556
0 0.441406 0.429167 0.029687 0.052778
0 0.461719 0.342361 0.037500 0.045833
0 0.313672 0.354861 0.033594 0.040278
0 0.342187 0.369444 0.032812 0.050000
0 0.338672 0.310417 0.027344 0.051389
