0 0.827734 0.098611 0.024219 0.055556
0 0.781250 0.200000 0.021875 0.055556
0 0.755078 0.200000 0.024219 0.055556
0 0.730078 0.171528 0.019531 0.073611
0 0.684375 0.068750 0.028125 0.040278
0 0.672656 0.156944 0.025000 0.080556
0 0.616016 0.293750 0.030469 0.040278
0 0.548828 0.122222 0.036719 0.069444
0 0.461719 0.099306 0.040625 0.079167
0 0.456641 0.206944 0.030469 0.063889
0 0.435937 0.200000 0.021875 0.030556
0 0.346875 0.163194 0.035937 0.056944
0 0.226172 0.170139 0.027344 0.051389
0 0.205078 0.222222 0.036719 0.077778
0 0.121484 0.422222 0.024219 0.047222
0 0.082031 0.456944 0.034375 0.052778
0 0.301172 0.504861 0.014844 0.043056
