0 0.750391 0.436111 0.066406 0.100000
0 0.919922 0.543056 0.032031 0.105556
0 0.891016 0.459028 0.036719 0.076389
0 0.862109 0.151389 0.086719 0.094444
0 0.407422 0.172222 0.035156 0.102778
0 0.285156 0.220139 0.040625 0.079167
0 0.136719 0.108333 0.037500 0.083333
0 0.187109 0.356250 0.036719 0.104167
0 0.214844 0.828472 0.040625 0.068056
0 0.366016 0.836806 0.038281 0.079167
0 0.423047 0.958333 0.035156 0.083333
0 0.562891 0.961806 0.060156 0.076389
0 0.683594 0.740278 0.043750 0.108333
0 0.958594 0.959028 0.029687 0.070833
