0 0.111328 0.118056 0.035156 0.086111
0 0.159375 0.365972 0.037500 0.106944
0 0.278516 0.240972 0.035156 0.095833
0 0.418359 0.197222 0.038281 0.102778
0 0.423438 0.090972 0.031250 0.062500
0 0.559766 0.098611 0.033594 0.066667
0 0.559766 0.445139 0.038281 0.079167
0 0.733984 0.383333 0.047656 0.083333
0 0.978516 0.564583 0.030469 0.079167
0 0.970703 0.486111 0.016406 0.069444
0 0.810547 0.786806 0.042969 0.059722
0 0.826172 0.828472 0.039844 0.056944
0 0.350781 0.827778 0.067188 0.111111
0 0.449609 0.865972 0.044531 0.095833
0 0.220313 0.838194 0.046875 0.084722
0 0.605469 0.953472 0.034375 0.073611
0 0.974219 0.966667 0.040625 0.066667
