0 0.868750 0.068750 0.026563 0.073611
0 0.861719 0.109722 0.031250 0.055556
0 0.841016 0.145139 0.035156 0.065278
0 0.797266 0.245833 0.024219 0.050000
0 0.777734 0.164583 0.022656 0.065278
0 0.748438 0.211111 0.031250 0.055556
0 0.696094 0.188194 0.031250 0.054167
0 0.701172 0.064583 0.022656 0.068056
0 0.620703 0.358333 0.028906 0.083333
0 0.567187 0.140278 0.023438 0.066667
0 0.482031 0.125694 0.035937 0.054167
0 0.466797 0.199306 0.028906 0.073611
0 0.463672 0.284722 0.024219 0.052778
0 0.418750 0.244444 0.025000 0.038889
0 0.315625 0.527778 0.023438 0.075000
0 0.221094 0.241667 0.028125 0.080556
0 0.241016 0.183333 0.033594 0.075000
0 0.294141 0.070833 0.033594 0.083333
0 0.354688 0.028472 0.018750 0.034722
0 0.144922 0.401389 0.025781 0.075000
0 0.094922 0.470833 0.025781 0.061111
