0 0.739453 0.627083 0.047656 0.090278
0 0.831641 0.347917 0.041406 0.079167
0 0.821875 0.278472 0.032812 0.068056
0 0.831250 0.222222 0.031250 0.063889
0 0.869531 0.301389 0.040625 0.094444
0 0.970703 0.559028 0.036719 0.090278
0 0.851172 0.961111 0.017969 0.077778
0 0.830469 0.981944 0.012500 0.036111
0 0.394922 0.401389 0.033594 0.088889
0 0.453906 0.734028 0.037500 0.106944
0 0.150000 0.080556 0.046875 0.091667
0 0.220313 0.665278 0.039063 0.111111
0 0.135547 0.777083 0.033594 0.059722
0 0.179688 0.440278 0.037500 0.069444
