0 0.774609 0.025000 0.025781 0.047222
0 0.882813 0.242361 0.032812 0.059722
0 0.605078 0.240972 0.035156 0.076389
0 0.570313 0.156250 0.029687 0.079167
0 0.537500 0.159028 0.034375 0.073611
0 0.517578 0.351389 0.024219 0.066667
0 0.451172 0.276389 0.030469 0.058333
0 0.444141 0.142361 0.017969 0.090278
0 0.427344 0.350694 0.031250 0.051389
0 0.391797 0.197222 0.035156 0.044444
0 0.369141 0.110417 0.030469 0.059722
0 0.367188 0.050000 0.028125 0.066667
0 0.352734 0.155556 0.027344 0.080556
0 0.318750 0.087500 0.028125 0.061111
0 0.290625 0.096528 0.039063 0.087500
0 0.276563 0.154861 0.029687 0.065278
0 0.265234 0.124306 0.033594 0.065278
0 0.241406 0.081250 0.034375 0.056944
0 0.271875 0.358333 0.035937 0.066667
0 0.323047 0.364583 0.022656 0.056944
0 0.152344 0.259028 0.037500 0.070833
0 0.100391 0.224306 0.038281 0.098611
0 0.067969 0.120139 0.028125 0.065278
0 0.018750 0.309722 0.031250 0.086111
0 0.117578 0.729167 0.024219 0.088889
0 0.164063 0.713889 0.023438 0.055556
