0 0.028125 0.045833 0.026563 0.061111
0 0.016406 0.397222 0.032812 0.044444
0 0.082813 0.147917 0.015625 0.040278
0 0.107422 0.102083 0.013281 0.040278
0 0.122266 0.192361 0.030469 0.065278
0 0.160938 0.289583 0.039063 0.073611
0 0.178906 0.356944 0.031250 0.050000
0 0.111328 0.552083 0.019531 0.040278
0 0.077344 0.761111 0.020312 0.041667
0 0.018750 0.915972 0.025000 0.051389
0 0.210547 0.700694 0.022656 0.051389
0 0.221875 0.597222 0.020312 0.050000
0 0.246094 0.413194 0.025000 0.056944
0 0.253906 0.315278 0.015625 0.036111
0 0.274219 0.368750 0.014062 0.048611
0 0.232812 0.270833 0.015625 0.027778
0 0.230469 0.207639 0.021875 0.045833
0 0.239844 0.145139 0.020312 0.048611
0 0.263281 0.219444 0.021875 0.050000
0 0.282031 0.148611 0.018750 0.055556
0 0.310547 0.159722 0.024219 0.050000
0 0.344141 0.206944 0.019531 0.052778
0 0.337500 0.275000 0.020312 0.050000
0 0.531250 0.196528 0.018750 0.048611
0 0.644922 0.304167 0.010156 0.033333
0 0.460156 0.695139 0.018750 0.034722
0 0.576953 0.985417 0.016406 0.029167
0 0.340234 0.954167 0.014844 0.030556
0 0.514844 0.790972 0.017188 0.037500
