0 0.078906 0.237500 0.012500 0.038889
0 0.098438 0.233333 0.020312 0.061111
0 0.157422 0.433333 0.024219 0.077778
0 0.184375 0.557639 0.023438 0.059722
0 0.160547 0.677778 0.022656 0.050000
0 0.176953 0.804861 0.027344 0.059722
0 0.166797 0.877778 0.017969 0.027778
0 0.128516 0.981250 0.016406 0.029167
0 0.217969 0.800694 0.018750 0.051389
0 0.305078 0.662500 0.014844 0.050000
0 0.262891 0.961806 0.017969 0.040278
0 0.278516 0.472917 0.017969 0.056944
0 0.259375 0.432639 0.014062 0.034722
0 0.234766 0.285417 0.025781 0.040278
0 0.283203 0.297222 0.017969 0.044444
0 0.467187 0.156250 0.018750 0.051389
0 0.471094 0.229167 0.026563 0.041667
0 0.428516 0.668750 0.017969 0.029167
0 0.508984 0.935417 0.024219 0.043056
0 0.582031 0.506250 0.014062 0.043056
0 0.614844 0.749306 0.020312 0.056944
0 0.706250 0.235417 0.020312 0.056944
0 0.778516 0.286111 0.019531 0.033333
0 0.833203 0.506944 0.016406 0.038889
0 0.799219 0.615278 0.021875 0.036111
0 0.226563 0.350000 0.017188 0.025000
0 0.228125 0.391667 0.023438 0.052778
