0 0.123047 0.922917 0.049219 0.048611
0 0.253906 0.773611 0.020312 0.052778
0 0.579687 0.600000 0.031250 0.058333
0 0.546094 0.501389 0.021875 0.072222
0 0.595703 0.469444 0.024219 0.050000
0 0.581250 0.477083 0.018750 0.062500
0 0.564062 0.422917 0.026563 0.056944
0 0.584766 0.113889 0.030469 0.072222
0 0.631641 0.238194 0.033594 0.115278
0 0.587500 0.681250 0.026563 0.056944
0 0.644922 0.813889 0.055469 0.063889
0 0.738672 0.665278 0.022656 0.063889
0 0.705859 0.487500 0.017969 0.041667
0 0.815625 0.762500 0.023438 0.038889
0 0.823438 0.809722 0.023438 0.030556
0 0.839844 0.553472 0.037500 0.068056
0 0.958984 0.511111 0.038281 0.063889
0 0.974219 0.475694 0.025000 0.062500
