0 0.031250 0.590972 0.018750 0.037500
0 0.072266 0.633333 0.019531 0.033333
0 0.340625 0.503472 0.015625 0.037500
0 0.387500 0.431944 0.023438 0.050000
0 0.393359 0.304167 0.024219 0.044444
0 0.380078 0.243750 0.016406 0.037500
0 0.332031 0.184028 0.034375 0.051389
0 0.253906 0.132639 0.020312 0.026389
0 0.261328 0.179861 0.033594 0.054167
0 0.248437 0.084028 0.020312 0.056944
0 0.251953 0.020139 0.019531 0.040278
0 0.186328 0.141667 0.022656 0.041667
0 0.144922 0.372222 0.030469 0.058333
0 0.100781 0.361111 0.026563 0.044444
0 0.242188 0.389583 0.021875 0.051389
0 0.232422 0.287500 0.032031 0.055556
0 0.483594 0.024306 0.020312 0.045833
0 0.242188 0.904167 0.017188 0.030556
0 0.273047 0.926389 0.019531 0.047222
0 0.450781 0.635417 0.017188 0.056944
0 0.472266 0.763194 0.014844 0.037500
0 0.455859 0.870833 0.027344 0.050000
0 0.597656 0.847222 0.026563 0.055556
0 0.508203 0.672222 0.013281 0.038889
0 0.511328 0.542361 0.016406 0.034722
0 0.533594 0.537500 0.018750 0.044444
0 0.548047 0.615278 0.022656 0.047222
0 0.560156 0.673611 0.020312 0.044444
0 0.591797 0.570833 0.021094 0.036111
0 0.718750 0.875694 0.021875 0.037500
0 0.926172 0.941667 0.017969 0.041667
0 0.901953 0.686111 0.019531 0.041667
0 0.758984 0.355556 0.032031 0.080556
0 0.648438 0.260417 0.023438 0.056944
0 0.571094 0.168750 0.037500 0.051389
0 0.553125 0.048611 0.028125 0.041667
0 0.716016 0.047222 0.041406 0.044444
0 0.734766 0.099306 0.030469 0.043056
0 0.794922 0.150694 0.027344 0.059722
0 0.830078 0.109722 0.017969 0.050000
0 0.807422 0.056250 0.022656 0.073611
