0 0.026563 0.304167 0.037500 0.080556
0 0.140625 0.713889 0.028125 0.044444
0 0.169141 0.720139 0.021094 0.048611
0 0.114453 0.206944 0.033594 0.063889
0 0.059375 0.100000 0.020312 0.058333
0 0.145703 0.233333 0.017969 0.038889
0 0.241797 0.304167 0.030469 0.063889
0 0.241016 0.172917 0.032031 0.079167
0 0.243359 0.067361 0.028906 0.062500
0 0.282813 0.150000 0.028125 0.066667
0 0.297266 0.095833 0.032031 0.066667
0 0.325391 0.372917 0.028906 0.062500
0 0.396484 0.220139 0.038281 0.059722
0 0.384375 0.168056 0.025000 0.055556
0 0.352734 0.129167 0.022656 0.069444
0 0.396875 0.105556 0.035937 0.058333
0 0.389453 0.029861 0.022656 0.054167
0 0.521094 0.308333 0.031250 0.052778
0 0.540625 0.148611 0.026563 0.072222
0 0.560156 0.125000 0.020312 0.083333
0 0.604297 0.211111 0.030469 0.050000
0 0.814844 0.108333 0.031250 0.052778
0 0.904297 0.233333 0.036719 0.052778
