0 0.825391 0.067361 0.035156 0.065278
0 0.778125 0.158333 0.018750 0.058333
0 0.749609 0.187500 0.032031 0.063889
0 0.737109 0.144444 0.021094 0.055556
0 0.698047 0.048611 0.039844 0.058333
0 0.667188 0.138194 0.014062 0.068056
0 0.625000 0.291667 0.023438 0.050000
0 0.961719 0.548611 0.015625 0.066667
0 0.546094 0.084028 0.040625 0.062500
0 0.446875 0.069444 0.034375 0.086111
0 0.450391 0.203472 0.021094 0.081944
0 0.408203 0.207639 0.016406 0.048611
0 0.312500 0.277778 0.040625 0.061111
0 0.287109 0.476389 0.025781 0.063889
0 0.229687 0.136111 0.032812 0.088889
0 0.187109 0.181250 0.027344 0.109722
0 0.109766 0.399306 0.014844 0.051389
0 0.077344 0.402778 0.026563 0.080556
