0 0.840625 0.031944 0.034375 0.052778
0 0.594922 0.375694 0.038281 0.059722
0 0.576953 0.477083 0.025781 0.045833
0 0.573047 0.425000 0.033594 0.061111
0 0.540625 0.463889 0.040625 0.052778
0 0.589844 0.705556 0.031250 0.086111
0 0.489453 0.529167 0.046094 0.052778
0 0.473828 0.027778 0.025781 0.052778
0 0.354688 0.040278 0.037500 0.063889
0 0.303125 0.171528 0.023438 0.048611
0 0.312500 0.224306 0.028125 0.062500
0 0.344922 0.329167 0.033594 0.044444
0 0.361328 0.445833 0.028906 0.041667
0 0.353906 0.499306 0.032812 0.051389
0 0.201172 0.629167 0.021094 0.033333
