0 0.123047 0.368750 0.021094 0.048611
0 0.137891 0.239583 0.028906 0.054167
0 0.826953 0.056944 0.027344 0.063889
0 0.783594 0.118056 0.021875 0.058333
0 0.771484 0.240278 0.024219 0.083333
0 0.736719 0.128472 0.023438 0.045833
0 0.709375 0.161806 0.023438 0.059722
0 0.694531 0.108333 0.015625 0.052778
0 0.623828 0.241667 0.016406 0.047222
0 0.544531 0.068750 0.026563 0.056944
0 0.483594 0.177083 0.025000 0.051389
0 0.438672 0.271528 0.024219 0.070833
0 0.299609 0.468056 0.027344 0.047222
0 0.226172 0.102778 0.027344 0.072222
0 0.193359 0.125694 0.033594 0.084722
0 0.062891 0.329167 0.021094 0.058333
