0 0.012109 0.076389 0.019531 0.038889
0 0.123828 0.082639 0.024219 0.059722
0 0.192969 0.132639 0.021875 0.059722
0 0.276172 0.020833 0.019531 0.036111
0 0.297266 0.040278 0.024219 0.044444
0 0.329688 0.078472 0.014062 0.037500
0 0.326953 0.223611 0.027344 0.066667
0 0.264844 0.212500 0.029687 0.055556
0 0.289844 0.234028 0.017188 0.043056
0 0.385156 0.250694 0.012500 0.026389
0 0.415625 0.252083 0.026563 0.040278
0 0.494922 0.084722 0.021094 0.044444
0 0.575781 0.168750 0.026563 0.043056
0 0.380469 0.485417 0.015625 0.037500
0 0.235547 0.332639 0.021094 0.051389
0 0.241797 0.454167 0.011719 0.033333
0 0.266797 0.569444 0.024219 0.038889
0 0.140234 0.401389 0.035156 0.058333
0 0.230469 0.948611 0.017188 0.027778
0 0.279687 0.936111 0.018750 0.041667
0 0.458203 0.636806 0.021094 0.065278
0 0.473437 0.783333 0.018750 0.041667
0 0.461719 0.881250 0.018750 0.045833
0 0.531641 0.570833 0.017969 0.038889
0 0.545313 0.627083 0.018750 0.037500
0 0.548828 0.675694 0.011719 0.037500
0 0.558984 0.700694 0.014844 0.026389
0 0.580078 0.738194 0.016406 0.037500
0 0.634375 0.578472 0.014062 0.043056
0 0.594922 0.859722 0.016406 0.025000
0 0.745703 0.890972 0.022656 0.051389
0 0.916016 0.683333 0.019531 0.041667
0 0.943750 0.924306 0.018750 0.045833
0 0.771875 0.340278 0.026563 0.063889
0 0.712500 0.228472 0.018750 0.043056
0 0.696484 0.069444 0.042969 0.061111
0 0.746094 0.124306 0.028125 0.031944
0 0.812109 0.061111 0.016406 0.030556
0 0.821094 0.111111 0.021875 0.055556
0 0.882422 0.182639 0.017969 0.045833
0 0.794141 0.174306 0.027344 0.045833
