0 0.183594 0.338889 0.028125 0.063889
0 0.159766 0.440972 0.027344 0.051389
0 0.066016 0.439583 0.019531 0.040278
0 0.021094 0.238889 0.031250 0.052778
0 0.129688 0.074306 0.032812 0.045833
0 0.201562 0.146528 0.029687 0.073611
0 0.225391 0.086111 0.038281 0.072222
0 0.012109 0.490972 0.021094 0.043056
0 0.007813 0.876389 0.015625 0.036111
0 0.141016 0.875694 0.024219 0.043056
0 0.302344 0.704861 0.020312 0.031944
0 0.337500 0.952778 0.020312 0.047222
0 0.517578 0.817361 0.022656 0.031944
0 0.542578 0.721528 0.024219 0.040278
0 0.424219 0.431250 0.021875 0.037500
0 0.483203 0.519444 0.025781 0.055556
