0 0.832812 0.811111 0.046875 0.069444
0 0.782031 0.714583 0.037500 0.054167
0 0.812891 0.456944 0.017969 0.063889
0 0.756250 0.268056 0.034375 0.058333
0 0.608984 0.709722 0.030469 0.061111
0 0.308984 0.783333 0.019531 0.038889
0 0.067969 0.779861 0.042188 0.093056
0 0.539453 0.518056 0.036719 0.066667
0 0.840234 0.209722 0.025781 0.066667
0 0.878516 0.136111 0.032031 0.066667
0 0.954297 0.077778 0.021094 0.044444
0 0.980859 0.086806 0.025781 0.062500
0 0.884375 0.041667 0.021875 0.055556
0 0.740234 0.090278 0.028906 0.069444
