0 0.085156 0.053472 0.029687 0.068056
0 0.126172 0.062500 0.038281 0.080556
0 0.287891 0.085417 0.035156 0.076389
0 0.421484 0.202778 0.036719 0.077778
0 0.449609 0.069444 0.028906 0.075000
0 0.471094 0.028472 0.025000 0.056944
0 0.550000 0.161806 0.031250 0.056944
0 0.640234 0.258333 0.036719 0.086111
0 0.651172 0.463889 0.042969 0.075000
0 0.707031 0.400000 0.035937 0.069444
0 0.810547 0.149306 0.027344 0.093056
0 0.803906 0.308333 0.037500 0.072222
0 0.823828 0.547222 0.038281 0.102778
0 0.365234 0.801389 0.025781 0.091667
0 0.075781 0.310417 0.028125 0.068056
