0 0.620703 0.722222 0.047656 0.063889
0 0.628516 0.530556 0.036719 0.069444
0 0.730859 0.795139 0.027344 0.079167
0 0.616406 0.946528 0.046875 0.076389
0 0.471484 0.697222 0.039844 0.077778
0 0.480859 0.614583 0.021094 0.065278
0 0.523047 0.588194 0.030469 0.059722
0 0.482812 0.583333 0.025000 0.044444
0 0.459766 0.629167 0.025781 0.055556
0 0.445703 0.609028 0.027344 0.040278
0 0.437109 0.582639 0.025781 0.045833
0 0.421875 0.555556 0.018750 0.038889
0 0.422266 0.593056 0.021094 0.044444
0 0.411719 0.607639 0.014062 0.029167
0 0.396094 0.626389 0.015625 0.016667
0 0.414844 0.663194 0.017188 0.037500
0 0.425781 0.638194 0.015625 0.034722
0 0.388672 0.620139 0.017969 0.031944
0 0.375000 0.575000 0.020312 0.038889
0 0.364453 0.643750 0.022656 0.034722
0 0.289063 0.573611 0.043750 0.050000
0 0.254297 0.524306 0.014844 0.020833
0 0.053516 0.548611 0.058594 0.080556
0 0.303516 0.167361 0.033594 0.048611
0 0.308594 0.040278 0.040625 0.075000
0 0.225000 0.105556 0.026563 0.047222
