0 0.032812 0.382639 0.025000 0.045833
0 0.141797 0.380556 0.027344 0.066667
0 0.184375 0.150694 0.021875 0.040278
0 0.248437 0.079861 0.028125 0.056944
0 0.254687 0.143750 0.012500 0.031944
0 0.262109 0.185417 0.022656 0.045833
0 0.230469 0.302083 0.028125 0.059722
0 0.240625 0.415278 0.025000 0.044444
0 0.254687 0.551389 0.020312 0.061111
0 0.335547 0.183333 0.032031 0.052778
0 0.383984 0.257639 0.021094 0.054167
0 0.394141 0.311111 0.024219 0.047222
0 0.388281 0.450694 0.020312 0.040278
0 0.251563 0.936806 0.018750 0.043056
0 0.274609 0.953472 0.013281 0.037500
0 0.456250 0.638194 0.017188 0.056944
0 0.509375 0.693056 0.023438 0.055556
0 0.471875 0.779167 0.021875 0.055556
0 0.458203 0.886806 0.017969 0.045833
0 0.599609 0.858333 0.021094 0.052778
0 0.554688 0.680556 0.031250 0.041667
0 0.555469 0.630556 0.017188 0.044444
0 0.545703 0.583333 0.019531 0.047222
0 0.520703 0.577083 0.022656 0.054167
0 0.600391 0.579861 0.016406 0.043056
0 0.576172 0.170139 0.032031 0.059722
0 0.565625 0.057639 0.029687 0.051389
0 0.712109 0.036111 0.030469 0.052778
0 0.744922 0.108333 0.022656 0.047222
0 0.708203 0.223611 0.021094 0.030556
0 0.766016 0.377778 0.030469 0.088889
0 0.799219 0.157639 0.026563 0.045833
0 0.817969 0.043750 0.020312 0.037500
0 0.858594 0.120833 0.021875 0.052778
0 0.728906 0.893056 0.032812 0.047222
0 0.918750 0.713889 0.020312 0.036111
0 0.937891 0.963889 0.014844 0.038889
