0 0.787891 0.144444 0.024219 0.066667
0 0.791016 0.537500 0.024219 0.097222
0 0.733203 0.228472 0.017969 0.059722
0 0.719922 0.230556 0.014844 0.075000
0 0.703906 0.336806 0.028125 0.040278
0 0.693359 0.216667 0.022656 0.061111
0 0.666406 0.231250 0.021875 0.054167
0 0.720312 0.049306 0.021875 0.065278
0 0.657422 0.123611 0.024219 0.052778
0 0.641406 0.045139 0.034375 0.029167
0 0.646875 0.095833 0.025000 0.052778
0 0.627344 0.128472 0.025000 0.043056
0 0.613672 0.076389 0.025781 0.044444
0 0.623438 0.186806 0.020312 0.040278
0 0.634766 0.235417 0.017969 0.034722
0 0.652734 0.275000 0.024219 0.061111
0 0.631641 0.346528 0.022656 0.068056
0 0.621875 0.299306 0.021875 0.040278
0 0.592188 0.328472 0.029687 0.059722
0 0.614844 0.231944 0.025000 0.033333
0 0.603516 0.214583 0.021094 0.054167
0 0.594141 0.176389 0.036719 0.066667
0 0.578516 0.129861 0.028906 0.051389
0 0.573828 0.092361 0.021094 0.045833
0 0.590234 0.057639 0.017969 0.040278
0 0.579297 0.034722 0.030469 0.044444
0 0.504687 0.018750 0.034375 0.037500
0 0.523828 0.063194 0.019531 0.034722
0 0.546094 0.122222 0.026563 0.033333
0 0.547656 0.185417 0.018750 0.065278
0 0.562500 0.239583 0.010937 0.043056
0 0.533984 0.243056 0.028906 0.047222
0 0.535547 0.306944 0.019531 0.066667
0 0.567578 0.422222 0.017969 0.055556
0 0.517187 0.131250 0.023438 0.062500
0 0.500391 0.068750 0.010156 0.040278
0 0.504687 0.131944 0.025000 0.058333
0 0.486719 0.088194 0.014062 0.056944
0 0.454297 0.027083 0.025781 0.043056
0 0.448438 0.099306 0.025000 0.068056
0 0.420312 0.068750 0.020312 0.034722
0 0.414453 0.097222 0.017969 0.038889
0 0.400000 0.127083 0.017188 0.040278
0 0.486719 0.197222 0.017188 0.055556
0 0.462109 0.195833 0.024219 0.016667
0 0.499219 0.250000 0.028125 0.036111
0 0.469531 0.225000 0.006250 0.022222
0 0.482422 0.259722 0.013281 0.025000
0 0.480859 0.288889 0.008594 0.019444
0 0.483984 0.325000 0.038281 0.041667
0 0.464844 0.381250 0.029687 0.043056
0 0.438672 0.255556 0.019531 0.058333
0 0.398047 0.197222 0.017969 0.047222
0 0.388672 0.059722 0.021094 0.033333
0 0.369922 0.096528 0.036719 0.059722
0 0.340234 0.142361 0.039844 0.054167
0 0.345313 0.215278 0.025000 0.058333
0 0.314844 0.220139 0.028125 0.059722
0 0.297266 0.247222 0.033594 0.075000
0 0.336719 0.351389 0.026563 0.075000
0 0.528516 0.556250 0.024219 0.073611
0 0.504687 0.550000 0.025000 0.072222
0 0.491406 0.611111 0.017188 0.069444
0 0.476563 0.507639 0.025000 0.065278
0 0.446875 0.452778 0.023438 0.055556
0 0.445313 0.576389 0.029687 0.066667
0 0.415234 0.547917 0.027344 0.048611
0 0.396875 0.589583 0.026563 0.068056
0 0.427344 0.683333 0.025000 0.072222
0 0.417578 0.884722 0.019531 0.061111
0 0.283984 0.726389 0.032031 0.058333
0 0.259766 0.597917 0.035156 0.062500
0 0.230078 0.631250 0.027344 0.073611
0 0.189844 0.750694 0.032812 0.045833
0 0.211328 0.545139 0.024219 0.054167
0 0.228906 0.424306 0.025000 0.043056
0 0.190234 0.124306 0.027344 0.076389
0 0.178516 0.448611 0.024219 0.052778
0 0.139062 0.375000 0.035937 0.061111
0 0.042188 0.307639 0.029687 0.062500
0 0.098438 0.758333 0.042188 0.063889
0 0.013672 0.696528 0.027344 0.068056
0 0.061328 0.902778 0.028906 0.052778
