0 0.093359 0.172917 0.027344 0.020833
0 0.116797 0.326389 0.024219 0.030556
0 0.176953 0.302778 0.022656 0.063889
0 0.037500 0.411111 0.045313 0.097222
0 0.119141 0.829861 0.032031 0.059722
0 0.209375 0.779861 0.031250 0.062500
0 0.294141 0.434722 0.030469 0.063889
0 0.313672 0.378472 0.028906 0.026389
0 0.329688 0.426389 0.021875 0.055556
0 0.335938 0.484722 0.026563 0.047222
0 0.323047 0.067361 0.027344 0.062500
0 0.304688 0.038194 0.039063 0.065278
0 0.281250 0.135417 0.045313 0.051389
0 0.301172 0.199306 0.028906 0.062500
0 0.308984 0.153472 0.030469 0.059722
0 0.343750 0.137500 0.032812 0.069444
0 0.368750 0.138889 0.032812 0.077778
0 0.378516 0.084028 0.028906 0.076389
0 0.373828 0.221528 0.022656 0.062500
0 0.400000 0.148611 0.025000 0.038889
0 0.457031 0.186806 0.020312 0.062500
0 0.478516 0.344444 0.014844 0.075000
0 0.469922 0.315972 0.022656 0.062500
0 0.451172 0.409028 0.028906 0.034722
0 0.457031 0.448611 0.023438 0.036111
0 0.591797 0.262500 0.030469 0.050000
0 0.528906 0.070833 0.028125 0.080556
0 0.560938 0.054861 0.029687 0.073611
0 0.745703 0.270833 0.014844 0.055556
0 0.726953 0.037500 0.041406 0.058333
0 0.954687 0.101389 0.031250 0.061111
0 0.966016 0.067361 0.027344 0.054167
