0 0.120312 0.131944 0.032812 0.052778
0 0.122266 0.096528 0.033594 0.040278
0 0.286328 0.154167 0.033594 0.052778
0 0.425000 0.216667 0.032812 0.077778
0 0.459375 0.113889 0.031250 0.077778
0 0.474219 0.056250 0.020312 0.062500
0 0.464453 0.022917 0.028906 0.040278
0 0.503516 0.034722 0.027344 0.047222
0 0.560938 0.188194 0.034375 0.054167
0 0.648828 0.283333 0.032031 0.069444
0 0.657812 0.497222 0.026563 0.075000
0 0.718359 0.428472 0.038281 0.084722
0 0.828125 0.177778 0.035937 0.069444
0 0.817187 0.338889 0.035937 0.091667
0 0.844922 0.578472 0.047656 0.084722
0 0.906641 0.354167 0.038281 0.091667
0 0.071484 0.370833 0.032031 0.058333
0 0.048437 0.131944 0.020312 0.069444
0 0.362109 0.848611 0.032031 0.080556
