0 0.096484 0.099306 0.030469 0.054167
0 0.060156 0.294444 0.043750 0.116667
0 0.130078 0.253472 0.049219 0.070833
0 0.171094 0.257639 0.031250 0.084722
0 0.128125 0.750694 0.034375 0.073611
0 0.186328 0.700000 0.036719 0.030556
0 0.294531 0.381250 0.048437 0.104167
0 0.264062 0.083333 0.018750 0.080556
0 0.923437 0.256250 0.028125 0.073611
0 0.774219 0.047917 0.032812 0.056944
0 0.633203 0.243056 0.032031 0.083333
0 0.569922 0.177083 0.025781 0.087500
0 0.559766 0.263194 0.028906 0.051389
0 0.538672 0.438889 0.041406 0.072222
0 0.452734 0.347222 0.035156 0.069444
0 0.421875 0.295833 0.029687 0.069444
0 0.479297 0.179861 0.046094 0.093056
0 0.414844 0.148611 0.039063 0.072222
0 0.397656 0.093056 0.026563 0.072222
0 0.351172 0.056944 0.044531 0.050000
0 0.340234 0.087500 0.027344 0.066667
0 0.363672 0.145833 0.017969 0.044444
0 0.371094 0.191667 0.039063 0.044444
0 0.321875 0.111111 0.043750 0.077778
0 0.308203 0.024306 0.028906 0.034722
0 0.296484 0.100000 0.022656 0.058333
0 0.291797 0.153472 0.027344 0.043056
