0 0.205078 0.382639 0.035156 0.068056
0 0.144531 0.472917 0.045313 0.093056
0 0.060156 0.361111 0.045313 0.075000
0 0.034766 0.500694 0.039844 0.079167
0 0.092969 0.706944 0.028125 0.041667
0 0.116406 0.736111 0.014062 0.047222
0 0.099219 0.843750 0.042188 0.043056
0 0.172656 0.683333 0.021875 0.063889
0 0.325391 0.791667 0.027344 0.041667
0 0.348828 0.626389 0.030469 0.091667
0 0.319141 0.611806 0.024219 0.056944
0 0.294922 0.506250 0.024219 0.062500
0 0.414453 0.097222 0.036719 0.061111
0 0.400391 0.044444 0.036719 0.055556
0 0.362109 0.059028 0.027344 0.068056
0 0.050000 0.272917 0.040625 0.040278
0 0.564453 0.388889 0.049219 0.050000
0 0.679297 0.254167 0.046094 0.044444
0 0.762500 0.274306 0.043750 0.076389
0 0.720703 0.243056 0.028906 0.050000
0 0.737891 0.368056 0.039844 0.075000
0 0.749609 0.048611 0.050781 0.063889
0 0.655469 0.149306 0.042188 0.045833
0 0.629687 0.097917 0.035937 0.056944
0 0.546875 0.015972 0.031250 0.026389
