0 0.810547 0.084722 0.019531 0.055556
0 0.763281 0.156944 0.021875 0.061111
0 0.735156 0.183333 0.017188 0.061111
0 0.724609 0.146528 0.019531 0.051389
0 0.692187 0.047222 0.020312 0.069444
0 0.662891 0.136111 0.016406 0.066667
0 0.607422 0.284722 0.032031 0.058333
0 0.538281 0.104167 0.032812 0.058333
0 0.446094 0.042361 0.034375 0.045833
0 0.446094 0.202083 0.020312 0.048611
0 0.402734 0.231250 0.035156 0.048611
0 0.286328 0.288889 0.024219 0.036111
0 0.289844 0.486111 0.029687 0.069444
0 0.219531 0.140278 0.023438 0.044444
0 0.182422 0.164583 0.028906 0.076389
0 0.235938 0.020833 0.025000 0.027778
0 0.105078 0.411806 0.021094 0.037500
0 0.061719 0.421528 0.025000 0.037500
