0 0.205859 0.340278 0.038281 0.091667
0 0.244141 0.659722 0.035156 0.108333
0 0.790625 0.371528 0.039063 0.106944
0 0.816016 0.473611 0.027344 0.077778
0 0.872266 0.422917 0.039844 0.115278
0 0.877734 0.496528 0.027344 0.093056
0 0.885156 0.663889 0.040625 0.086111
0 0.983203 0.581944 0.032031 0.102778
0 0.949219 0.747222 0.028125 0.075000
0 0.887500 0.801389 0.034375 0.088889
0 0.905859 0.923611 0.022656 0.091667
0 0.814062 0.956250 0.032812 0.048611
0 0.700000 0.792361 0.046875 0.076389
0 0.475000 0.083333 0.028125 0.036111
0 0.838281 0.253472 0.025000 0.045833
