0 0.877344 0.027778 0.021875 0.052778
0 0.819922 0.123611 0.032031 0.086111
0 0.785547 0.216667 0.019531 0.061111
0 0.748438 0.214583 0.020312 0.056944
0 0.687109 0.091667 0.032031 0.075000
0 0.671094 0.191667 0.025000 0.088889
0 0.623828 0.325694 0.033594 0.051389
0 0.547266 0.143056 0.033594 0.072222
0 0.462109 0.113889 0.032031 0.061111
0 0.459375 0.235417 0.025000 0.076389
0 0.443359 0.210417 0.022656 0.065278
0 0.327734 0.171528 0.021094 0.037500
0 0.228125 0.193056 0.032812 0.052778
0 0.207031 0.234028 0.028125 0.095833
0 0.306641 0.529861 0.038281 0.059722
0 0.121484 0.440972 0.011719 0.040278
0 0.081250 0.492361 0.017188 0.073611
