0 0.892969 0.418056 0.031250 0.063889
0 0.838281 0.326389 0.029687 0.072222
0 0.843750 0.213889 0.032812 0.047222
0 0.810156 0.165278 0.025000 0.072222
0 0.746484 0.018750 0.035156 0.026389
0 0.726172 0.067361 0.033594 0.070833
0 0.708594 0.081944 0.021875 0.058333
0 0.692578 0.148611 0.039844 0.083333
0 0.669531 0.088194 0.021875 0.048611
0 0.665234 0.049306 0.022656 0.051389
0 0.694922 0.279167 0.022656 0.075000
0 0.803125 0.490278 0.040625 0.080556
0 0.658984 0.264583 0.036719 0.073611
0 0.635938 0.232639 0.026563 0.040278
0 0.644531 0.188889 0.029687 0.050000
0 0.641797 0.135417 0.032031 0.056944
0 0.612891 0.162500 0.033594 0.077778
0 0.577344 0.081944 0.028125 0.066667
0 0.558984 0.067361 0.017969 0.037500
0 0.562109 0.043750 0.038281 0.051389
0 0.559375 0.195139 0.035937 0.056944
0 0.546875 0.110417 0.034375 0.048611
0 0.517187 0.029167 0.032812 0.047222
0 0.506250 0.012500 0.028125 0.019444
0 0.496484 0.057639 0.017969 0.070833
0 0.481641 0.075694 0.022656 0.054167
0 0.510156 0.188194 0.031250 0.065278
0 0.541406 0.258333 0.028125 0.052778
0 0.605078 0.293056 0.025781 0.041667
0 0.633203 0.405556 0.022656 0.041667
0 0.607031 0.372917 0.025000 0.031944
0 0.580078 0.344444 0.014844 0.030556
0 0.560547 0.437500 0.025781 0.055556
0 0.586328 0.570833 0.022656 0.050000
0 0.629687 0.597917 0.014062 0.040278
0 0.616016 0.643750 0.025781 0.062500
0 0.574609 0.703472 0.019531 0.045833
0 0.553906 0.605556 0.023438 0.077778
0 0.489062 0.690278 0.023438 0.047222
0 0.467187 0.515972 0.015625 0.065278
0 0.466406 0.420139 0.018750 0.062500
0 0.446875 0.378472 0.021875 0.054167
0 0.461328 0.326389 0.024219 0.041667
0 0.488672 0.365278 0.025781 0.075000
0 0.490625 0.282639 0.015625 0.048611
0 0.521875 0.292361 0.026563 0.040278
0 0.485547 0.238194 0.017969 0.051389
0 0.467969 0.247222 0.023438 0.063889
0 0.451953 0.108333 0.024219 0.063889
0 0.439063 0.140972 0.021875 0.056944
0 0.414844 0.066667 0.020312 0.030556
0 0.409766 0.114583 0.024219 0.045833
0 0.422656 0.150694 0.018750 0.034722
0 0.401953 0.159722 0.019531 0.061111
0 0.431641 0.281250 0.027344 0.065278
0 0.397656 0.288889 0.023438 0.044444
0 0.421094 0.561111 0.020312 0.038889
0 0.421484 0.616667 0.024219 0.061111
0 0.313672 0.665972 0.030469 0.065278
0 0.332031 0.775694 0.023438 0.054167
0 0.372656 0.827083 0.035937 0.059722
0 0.313672 0.779861 0.027344 0.029167
0 0.255078 0.254861 0.019531 0.056944
0 0.293359 0.151389 0.024219 0.072222
0 0.166797 0.280556 0.027344 0.055556
0 0.198047 0.406250 0.027344 0.048611
0 0.225391 0.457639 0.027344 0.054167
0 0.281641 0.536111 0.017969 0.050000
0 0.299609 0.518056 0.016406 0.058333
0 0.201562 0.577778 0.034375 0.069444
0 0.205078 0.708333 0.033594 0.080556
0 0.167578 0.607639 0.044531 0.062500
0 0.133984 0.543750 0.044531 0.062500
0 0.130469 0.474306 0.023438 0.079167
0 0.079297 0.505556 0.041406 0.061111
0 0.186328 0.781250 0.024219 0.054167
0 0.171875 0.857639 0.037500 0.045833
0 0.153906 0.904167 0.032812 0.044444
0 0.126172 0.822917 0.039844 0.081944
0 0.098438 0.875000 0.018750 0.033333
