0 0.026172 0.392361 0.017969 0.056944
0 0.135156 0.394444 0.021875 0.052778
0 0.182031 0.170833 0.023438 0.036111
0 0.237500 0.098611 0.018750 0.058333
0 0.259766 0.185417 0.025781 0.056944
0 0.235156 0.309722 0.031250 0.050000
0 0.238281 0.428472 0.021875 0.051389
0 0.251563 0.545833 0.018750 0.050000
0 0.270312 0.955556 0.029687 0.055556
0 0.339453 0.211111 0.038281 0.033333
0 0.399609 0.265278 0.033594 0.061111
0 0.391797 0.461806 0.025781 0.045833
0 0.455859 0.652083 0.024219 0.070833
0 0.474219 0.788889 0.020312 0.061111
0 0.457031 0.902778 0.026563 0.036111
0 0.529297 0.579861 0.019531 0.040278
0 0.553906 0.594444 0.015625 0.038889
0 0.557813 0.638889 0.015625 0.036111
0 0.526172 0.683333 0.017969 0.041667
0 0.566406 0.697222 0.018750 0.050000
0 0.606250 0.596528 0.021875 0.037500
0 0.582031 0.171528 0.029687 0.037500
0 0.583984 0.036111 0.019531 0.055556
0 0.714453 0.042361 0.035156 0.068056
0 0.820313 0.084722 0.025000 0.066667
0 0.885547 0.174306 0.032031 0.062500
0 0.807813 0.176389 0.026563 0.066667
0 0.758203 0.125000 0.022656 0.038889
0 0.723828 0.250694 0.028906 0.062500
0 0.796875 0.339583 0.023438 0.059722
0 0.777344 0.370139 0.025000 0.065278
0 0.608984 0.870833 0.035156 0.058333
0 0.918750 0.723611 0.023438 0.041667
0 0.941797 0.971528 0.017969 0.051389
