0 0.594141 0.338194 0.030469 0.062500
0 0.579297 0.411806 0.025781 0.073611
0 0.579687 0.463889 0.031250 0.061111
0 0.485938 0.515972 0.023438 0.043056
0 0.457031 0.446528 0.023438 0.048611
0 0.485547 0.101389 0.038281 0.083333
0 0.358984 0.030556 0.044531 0.036111
0 0.312500 0.155556 0.034375 0.058333
0 0.326172 0.216667 0.022656 0.075000
0 0.352344 0.308333 0.025000 0.061111
0 0.373047 0.434722 0.027344 0.052778
0 0.353125 0.475694 0.025000 0.062500
0 0.369531 0.624306 0.021875 0.056944
0 0.214453 0.630556 0.047656 0.052778
0 0.554688 0.767361 0.028125 0.109722
0 0.444141 0.863889 0.028906 0.044444
