0 0.316406 0.597222 0.026563 0.086111
0 0.434766 0.393056 0.036719 0.091667
0 0.403906 0.137500 0.037500 0.091667
0 0.622266 0.297917 0.052344 0.101389
0 0.641797 0.184028 0.039844 0.093056
0 0.313672 0.781944 0.036719 0.097222
0 0.482812 0.866667 0.035937 0.063889
0 0.207813 0.879861 0.045313 0.073611
0 0.144531 0.936806 0.035937 0.065278
0 0.148047 0.687500 0.035156 0.075000
0 0.071094 0.631944 0.045313 0.100000
0 0.020312 0.427778 0.032812 0.044444
0 0.135547 0.306944 0.052344 0.105556
0 0.099609 0.105556 0.035156 0.058333
0 0.069531 0.050000 0.048437 0.061111
0 0.250781 0.295139 0.040625 0.081944
