0 0.783203 0.422222 0.028906 0.091667
0 0.714063 0.445833 0.032812 0.063889
0 0.717578 0.269444 0.021094 0.061111
0 0.732031 0.249306 0.026563 0.045833
0 0.807813 0.052778 0.029687 0.044444
0 0.728516 0.044444 0.030469 0.050000
0 0.152734 0.809028 0.025781 0.076389
0 0.110156 0.733333 0.035937 0.075000
0 0.101172 0.811111 0.028906 0.058333
0 0.071875 0.529167 0.032812 0.058333
0 0.197266 0.693750 0.033594 0.065278
0 0.205469 0.763889 0.026563 0.038889
0 0.226953 0.582639 0.022656 0.054167
0 0.189453 0.553472 0.022656 0.079167
0 0.142969 0.472917 0.039063 0.070833
0 0.221094 0.428472 0.031250 0.056944
0 0.154687 0.265278 0.018750 0.055556
0 0.212891 0.297917 0.025781 0.040278
0 0.281641 0.327778 0.024219 0.041667
0 0.255078 0.248611 0.008594 0.036111
0 0.296094 0.552778 0.031250 0.105556
0 0.289453 0.806944 0.022656 0.055556
0 0.265234 0.933333 0.025781 0.033333
0 0.177344 0.645833 0.018750 0.083333
0 0.395703 0.749306 0.033594 0.068056
0 0.487891 0.672222 0.039844 0.061111
0 0.525391 0.676389 0.021094 0.041667
0 0.539844 0.654861 0.025000 0.040278
0 0.496094 0.600694 0.020312 0.029167
0 0.591406 0.615972 0.031250 0.056944
0 0.577344 0.584722 0.025000 0.050000
0 0.467187 0.564583 0.037500 0.048611
0 0.464453 0.507639 0.035156 0.026389
0 0.557031 0.482639 0.037500 0.045833
0 0.565625 0.433333 0.026563 0.044444
0 0.631250 0.406944 0.037500 0.041667
0 0.554688 0.352083 0.028125 0.048611
0 0.657812 0.295139 0.028125 0.056944
0 0.637891 0.263889 0.021094 0.052778
0 0.625000 0.273611 0.028125 0.063889
0 0.582422 0.282639 0.022656 0.048611
0 0.577344 0.239583 0.026563 0.073611
0 0.531250 0.297917 0.025000 0.048611
0 0.500000 0.338194 0.046875 0.062500
0 0.481250 0.347917 0.029687 0.045833
0 0.464063 0.376389 0.028125 0.058333
0 0.463281 0.326389 0.028125 0.052778
0 0.423047 0.282639 0.019531 0.059722
0 0.391406 0.347222 0.032812 0.044444
0 0.462109 0.252778 0.028906 0.030556
0 0.487500 0.229167 0.025000 0.030556
0 0.508984 0.195833 0.032031 0.047222
0 0.564062 0.152778 0.031250 0.050000
0 0.619531 0.188194 0.025000 0.037500
0 0.639063 0.138194 0.026563 0.045833
0 0.614453 0.125694 0.028906 0.054167
0 0.682813 0.088194 0.026563 0.037500
0 0.710547 0.054167 0.030469 0.036111
0 0.657812 0.050694 0.021875 0.031944
0 0.640625 0.070139 0.029687 0.054167
0 0.564844 0.077778 0.035937 0.041667
0 0.547656 0.088889 0.025000 0.047222
0 0.534766 0.122222 0.032031 0.044444
0 0.510156 0.127083 0.023438 0.034722
0 0.503906 0.140972 0.028125 0.040278
0 0.483594 0.110417 0.029687 0.056944
0 0.451953 0.142361 0.028906 0.051389
0 0.427344 0.116667 0.028125 0.047222
0 0.413672 0.127083 0.024219 0.034722
0 0.401172 0.093056 0.025781 0.036111
0 0.426953 0.084722 0.038281 0.072222
0 0.453125 0.230556 0.023438 0.036111
0 0.325000 0.125694 0.039063 0.109722
0 0.563672 0.050694 0.033594 0.051389
0 0.546875 0.014583 0.032812 0.018056
0 0.514844 0.055556 0.028125 0.052778
0 0.507813 0.035417 0.028125 0.045833
0 0.471094 0.022917 0.023438 0.023611
