0 0.046484 0.140972 0.016406 0.051389
0 0.122266 0.175694 0.028906 0.065278
0 0.128516 0.095833 0.025781 0.075000
0 0.294922 0.125000 0.025781 0.083333
0 0.427734 0.188194 0.033594 0.062500
0 0.371094 0.874306 0.032812 0.087500
0 0.455859 0.089583 0.028906 0.073611
0 0.471094 0.013889 0.021875 0.022222
0 0.477734 0.048611 0.024219 0.052778
0 0.498047 0.014583 0.019531 0.023611
0 0.544531 0.174306 0.029687 0.056944
0 0.655859 0.245833 0.019531 0.072222
0 0.664453 0.475000 0.035156 0.086111
0 0.721094 0.414583 0.039063 0.068056
0 0.801562 0.314583 0.037500 0.095833
0 0.830859 0.321528 0.021094 0.062500
0 0.811719 0.165972 0.034375 0.073611
0 0.901563 0.335417 0.043750 0.093056
0 0.839453 0.545833 0.042969 0.111111
0 0.060156 0.355556 0.026563 0.063889
