0 0.083594 0.535417 0.032812 0.070833
0 0.133594 0.483333 0.028125 0.047222
0 0.769922 0.789583 0.030469 0.068056
0 0.816406 0.393056 0.025000 0.066667
0 0.767187 0.415278 0.040625 0.083333
0 0.761719 0.276389 0.035937 0.058333
0 0.747266 0.106944 0.038281 0.052778
0 0.808594 0.038889 0.025000 0.050000
0 0.731641 0.050694 0.033594 0.051389
0 0.706641 0.088194 0.028906 0.068056
0 0.674609 0.314583 0.032031 0.073611
0 0.649219 0.284028 0.032812 0.048611
0 0.629297 0.256250 0.021094 0.040278
0 0.635547 0.193056 0.025781 0.063889
0 0.611719 0.142361 0.023438 0.054167
0 0.658203 0.120139 0.028906 0.040278
0 0.660547 0.070139 0.025781 0.045833
0 0.640234 0.070139 0.033594 0.056944
0 0.623438 0.440972 0.026563 0.065278
0 0.608203 0.384028 0.019531 0.043056
0 0.592188 0.300694 0.023438 0.059722
0 0.564453 0.276389 0.027344 0.069444
0 0.583984 0.176389 0.024219 0.083333
0 0.550000 0.228472 0.025000 0.065278
0 0.576172 0.425694 0.019531 0.056944
0 0.580859 0.531944 0.027344 0.041667
0 0.589063 0.593750 0.026563 0.031944
0 0.601172 0.635417 0.021094 0.051389
0 0.558203 0.737500 0.035156 0.058333
0 0.562891 0.699306 0.021094 0.045833
0 0.553906 0.612500 0.026563 0.063889
0 0.548828 0.431944 0.024219 0.055556
0 0.512500 0.215972 0.031250 0.062500
0 0.531641 0.125694 0.017969 0.037500
0 0.559375 0.098611 0.023438 0.036111
0 0.558984 0.054167 0.025781 0.044444
0 0.551562 0.026389 0.015625 0.030556
0 0.520703 0.013194 0.021094 0.026389
0 0.510938 0.039583 0.018750 0.062500
0 0.481250 0.043056 0.018750 0.033333
0 0.484766 0.084722 0.017969 0.050000
0 0.488672 0.241667 0.016406 0.036111
0 0.475781 0.247917 0.017188 0.023611
0 0.494141 0.286111 0.017969 0.050000
0 0.478125 0.345139 0.021875 0.051389
0 0.470313 0.279861 0.026563 0.054167
0 0.453906 0.249306 0.021875 0.045833
0 0.452734 0.180556 0.022656 0.044444
0 0.445703 0.128472 0.016406 0.048611
0 0.433594 0.073611 0.050000 0.066667
0 0.431250 0.156944 0.032812 0.058333
0 0.417969 0.277083 0.025000 0.056944
0 0.455859 0.340278 0.028906 0.047222
0 0.444922 0.397917 0.024219 0.031944
0 0.412500 0.364583 0.026563 0.045833
0 0.426953 0.461806 0.019531 0.037500
0 0.428906 0.495833 0.012500 0.030556
0 0.453906 0.531250 0.026563 0.040278
0 0.485156 0.690972 0.018750 0.059722
0 0.367578 0.695139 0.030469 0.065278
0 0.391406 0.758333 0.017188 0.061111
0 0.369922 0.295139 0.019531 0.045833
0 0.382031 0.014583 0.012500 0.029167
0 0.359375 0.021528 0.021875 0.043056
0 0.287891 0.225000 0.030469 0.058333
0 0.273438 0.271528 0.028125 0.054167
0 0.257813 0.309722 0.028125 0.052778
0 0.196094 0.337500 0.031250 0.041667
0 0.167187 0.291667 0.029687 0.041667
0 0.223047 0.442361 0.027344 0.051389
0 0.301172 0.621528 0.032031 0.056944
0 0.332422 0.743056 0.030469 0.102778
0 0.301562 0.874306 0.031250 0.056944
0 0.223047 0.602083 0.025781 0.059722
0 0.199609 0.584722 0.021094 0.050000
0 0.138672 0.598611 0.019531 0.055556
0 0.204688 0.694444 0.029687 0.055556
0 0.187500 0.793056 0.025000 0.063889
0 0.161328 0.818056 0.033594 0.036111
0 0.142578 0.795139 0.019531 0.045833
0 0.153125 0.889583 0.020312 0.062500
0 0.109766 0.915278 0.028906 0.036111
0 0.248047 0.936806 0.025781 0.040278
