0 0.771484 0.182639 0.047656 0.090278
0 0.669141 0.117361 0.025781 0.040278
0 0.658984 0.057639 0.035156 0.045833
0 0.717969 0.352083 0.035937 0.056944
0 0.673047 0.431944 0.033594 0.080556
0 0.555469 0.313194 0.029687 0.062500
0 0.521094 0.017361 0.039063 0.029167
0 0.380859 0.211111 0.042969 0.052778
0 0.335938 0.171528 0.037500 0.031944
0 0.169141 0.056944 0.036719 0.063889
0 0.175000 0.550000 0.046875 0.100000
0 0.258984 0.800694 0.039844 0.068056
0 0.185937 0.982639 0.014062 0.006944
0 0.373437 0.740278 0.026563 0.061111
0 0.403906 0.646528 0.032812 0.056944
0 0.853125 0.475694 0.018750 0.059722
