0 0.052734 0.296528 0.024219 0.084722
0 0.140625 0.234028 0.035937 0.076389
0 0.195703 0.235417 0.041406 0.095833
0 0.108984 0.742361 0.042969 0.056944
0 0.402734 0.504167 0.042969 0.088889
0 0.277734 0.359028 0.032031 0.068056
0 0.290234 0.272917 0.038281 0.068056
0 0.269922 0.141667 0.025781 0.050000
0 0.306250 0.182639 0.028125 0.048611
0 0.321094 0.073611 0.028125 0.050000
0 0.319141 0.125000 0.025781 0.044444
0 0.391016 0.152778 0.024219 0.052778
0 0.388672 0.027778 0.032031 0.041667
0 0.363672 0.011111 0.039844 0.016667
0 0.462891 0.234722 0.032031 0.075000
0 0.463281 0.315278 0.028125 0.038889
0 0.573438 0.290972 0.028125 0.040278
0 0.558203 0.038889 0.032031 0.061111
0 0.499219 0.112500 0.034375 0.069444
0 0.585938 0.114583 0.037500 0.056944
0 0.456250 0.014583 0.025000 0.023611
0 0.755469 0.228472 0.029687 0.062500
