0 0.124609 0.343750 0.038281 0.084722
0 0.042188 0.408333 0.035937 0.075000
0 0.098828 0.874306 0.050781 0.087500
0 0.191406 0.809028 0.025000 0.043056
0 0.260156 0.433333 0.020312 0.036111
0 0.260938 0.225694 0.035937 0.065278
0 0.084375 0.193056 0.043750 0.061111
0 0.294922 0.263889 0.042969 0.061111
0 0.316797 0.329167 0.036719 0.047222
0 0.339844 0.349306 0.025000 0.065278
0 0.317187 0.176389 0.051562 0.052778
0 0.375391 0.231944 0.024219 0.058333
0 0.328906 0.086806 0.021875 0.045833
0 0.296094 0.038889 0.021875 0.052778
0 0.348047 0.136111 0.024219 0.038889
0 0.353516 0.090972 0.019531 0.040278
0 0.371484 0.129861 0.016406 0.045833
0 0.393750 0.024306 0.020312 0.020833
0 0.401563 0.061806 0.020312 0.031944
0 0.440234 0.106250 0.024219 0.034722
0 0.537891 0.051389 0.021094 0.027778
0 0.532031 0.125000 0.020312 0.041667
0 0.586719 0.206944 0.021875 0.058333
0 0.544141 0.405556 0.021094 0.069444
0 0.467969 0.350000 0.026563 0.075000
0 0.460938 0.420833 0.026563 0.066667
0 0.426562 0.459722 0.029687 0.052778
0 0.739062 0.258333 0.014062 0.041667
0 0.744141 0.027083 0.019531 0.051389
0 0.940625 0.038194 0.018750 0.054167
0 0.955469 0.097917 0.014062 0.056944
