0 0.780078 0.569444 0.030469 0.116667
0 0.741406 0.616667 0.028125 0.083333
0 0.815234 0.913889 0.011719 0.075000
0 0.782812 0.903472 0.042188 0.093056
0 0.648438 0.752778 0.032812 0.038889
0 0.623828 0.541667 0.014844 0.066667
0 0.611328 0.556250 0.024219 0.062500
0 0.574609 0.549306 0.024219 0.056944
0 0.602344 0.369444 0.017188 0.080556
0 0.544922 0.409028 0.021094 0.059722
0 0.523828 0.296528 0.028906 0.087500
0 0.600391 0.050000 0.027344 0.061111
0 0.991797 0.347222 0.014844 0.044444
0 0.496484 0.620139 0.041406 0.048611
0 0.153125 0.803472 0.034375 0.062500
0 0.674609 0.075000 0.016406 0.038889
