0 0.648438 0.412500 0.040625 0.075000
0 0.576172 0.456250 0.039844 0.056944
0 0.557031 0.515278 0.031250 0.080556
0 0.485547 0.438889 0.052344 0.047222
0 0.837109 0.036111 0.022656 0.055556
0 0.403516 0.078472 0.032031 0.065278
0 0.322656 0.050000 0.026563 0.063889
0 0.278125 0.177083 0.017188 0.037500
0 0.292969 0.222222 0.026563 0.061111
0 0.309375 0.327083 0.028125 0.065278
0 0.350391 0.440972 0.041406 0.054167
0 0.325781 0.518750 0.029687 0.070833
0 0.390625 0.560417 0.039063 0.081944
0 0.100391 0.697222 0.032031 0.033333
0 0.096484 0.207639 0.028906 0.048611
