0 0.622656 0.377778 0.026563 0.100000
0 0.575391 0.402083 0.022656 0.040278
0 0.578125 0.467361 0.028125 0.056944
0 0.562109 0.629861 0.027344 0.073611
0 0.439063 0.759028 0.025000 0.076389
0 0.424609 0.822917 0.024219 0.040278
0 0.376172 0.603472 0.025781 0.018056
0 0.353516 0.465278 0.021094 0.063889
0 0.368750 0.413194 0.032812 0.062500
0 0.357812 0.275000 0.034375 0.083333
0 0.321094 0.207639 0.031250 0.048611
0 0.307813 0.156250 0.028125 0.045833
0 0.357031 0.019444 0.026563 0.025000
0 0.179688 0.141667 0.017188 0.050000
0 0.178906 0.631944 0.020312 0.041667
