0 0.090625 0.654861 0.018750 0.043056
0 0.094922 0.814583 0.021094 0.037500
0 0.105859 0.945833 0.014844 0.036111
0 0.062891 0.272917 0.014844 0.031944
0 0.044141 0.150000 0.038281 0.044444
0 0.134766 0.045833 0.033594 0.052778
0 0.207422 0.128472 0.017969 0.037500
0 0.233203 0.088194 0.022656 0.059722
0 0.226172 0.325694 0.014844 0.059722
0 0.400000 0.058333 0.034375 0.038889
0 0.367188 0.392361 0.025000 0.045833
0 0.352344 0.453472 0.020312 0.045833
0 0.282813 0.534722 0.020312 0.061111
0 0.307422 0.658333 0.027344 0.050000
0 0.285156 0.779861 0.021875 0.040278
0 0.293750 0.878472 0.015625 0.031944
0 0.308203 0.913889 0.010156 0.025000
0 0.344141 0.893750 0.021094 0.037500
0 0.290625 0.968750 0.026563 0.037500
0 0.431250 0.753472 0.021875 0.043056
0 0.363281 0.547917 0.014062 0.054167
0 0.385547 0.511806 0.025781 0.043056
0 0.401563 0.561806 0.014062 0.045833
0 0.417578 0.466667 0.021094 0.041667
0 0.596094 0.240278 0.025000 0.044444
0 0.610937 0.329167 0.020312 0.052778
0 0.503906 0.069444 0.020312 0.038889
0 0.624609 0.059028 0.021094 0.051389
0 0.657031 0.015972 0.012500 0.031944
0 0.852344 0.345833 0.020312 0.047222
0 0.724609 0.606250 0.027344 0.068056
0 0.741406 0.837500 0.014062 0.050000
0 0.555078 0.776389 0.025781 0.047222
0 0.942578 0.702083 0.016406 0.029167
