0 0.944141 0.359028 0.032031 0.059722
0 0.901563 0.556944 0.028125 0.086111
0 0.817187 0.106944 0.035937 0.063889
0 0.638281 0.097917 0.028125 0.056944
0 0.610156 0.110417 0.017188 0.054167
0 0.715625 0.608333 0.028125 0.052778
0 0.697656 0.628472 0.028125 0.048611
0 0.505469 0.346528 0.023438 0.068056
0 0.160156 0.495139 0.035937 0.070833
0 0.115625 0.275000 0.023438 0.072222
0 0.076953 0.371528 0.017969 0.040278
0 0.089453 0.663194 0.033594 0.081944
0 0.130469 0.901389 0.025000 0.052778
0 0.237500 0.726389 0.025000 0.066667
