0 0.328125 0.018056 0.017188 0.033333
0 0.187891 0.138889 0.022656 0.047222
0 0.241406 0.209028 0.018750 0.043056
0 0.161719 0.225000 0.025000 0.044444
0 0.079687 0.226389 0.020312 0.058333
0 0.065625 0.527083 0.014062 0.045833
0 0.091797 0.555556 0.019531 0.047222
0 0.153906 0.397222 0.028125 0.030556
0 0.177344 0.384028 0.014062 0.062500
0 0.190234 0.483333 0.035156 0.061111
0 0.113672 0.684028 0.021094 0.048611
0 0.104297 0.845833 0.017969 0.036111
0 0.149609 0.730556 0.011719 0.041667
0 0.198047 0.779861 0.022656 0.031944
0 0.238281 0.800694 0.029687 0.043056
0 0.254297 0.937500 0.039844 0.044444
0 0.288281 0.613194 0.028125 0.056944
0 0.280078 0.523611 0.021094 0.066667
0 0.297656 0.504167 0.023438 0.066667
0 0.322656 0.400000 0.020312 0.044444
0 0.348437 0.443750 0.032812 0.043056
0 0.410937 0.238194 0.020312 0.051389
0 0.402734 0.300000 0.021094 0.044444
0 0.423047 0.331250 0.014844 0.026389
0 0.398047 0.420139 0.025781 0.040278
0 0.418359 0.428472 0.025781 0.051389
0 0.448047 0.424306 0.021094 0.068056
0 0.584375 0.222917 0.018750 0.070833
0 0.601563 0.503472 0.021875 0.026389
0 0.326172 0.696528 0.022656 0.034722
0 0.355469 0.710417 0.021875 0.037500
0 0.361719 0.745833 0.031250 0.036111
0 0.396875 0.827778 0.031250 0.036111
0 0.406250 0.889583 0.032812 0.037500
0 0.460938 0.777778 0.018750 0.061111
0 0.471875 0.943056 0.020312 0.044444
0 0.480859 0.848611 0.014844 0.041667
0 0.500781 0.902083 0.025000 0.059722
0 0.490625 0.779167 0.023438 0.044444
0 0.501172 0.720833 0.014844 0.033333
0 0.510156 0.678472 0.017188 0.031944
0 0.539844 0.711806 0.015625 0.045833
0 0.573438 0.756250 0.018750 0.037500
0 0.557422 0.815972 0.032031 0.037500
0 0.766406 0.777083 0.017188 0.045833
0 0.892578 0.907639 0.021094 0.037500
