0 0.855469 0.585417 0.062500 0.109722
0 0.820703 0.357639 0.041406 0.079167
0 0.844531 0.359722 0.018750 0.030556
0 0.825781 0.175000 0.028125 0.075000
0 0.722266 0.434028 0.046094 0.062500
0 0.661719 0.500000 0.048437 0.102778
0 0.664453 0.268750 0.041406 0.095833
0 0.564062 0.204167 0.029687 0.086111
0 0.473047 0.106250 0.035156 0.079167
0 0.487500 0.068056 0.029687 0.052778
0 0.523828 0.026389 0.028906 0.052778
0 0.489062 0.025000 0.028125 0.036111
0 0.158594 0.154861 0.029687 0.056944
0 0.139844 0.115278 0.034375 0.063889
0 0.298047 0.164583 0.035156 0.098611
0 0.383203 0.864583 0.035156 0.081944
0 0.439844 0.202083 0.032812 0.070833
0 0.911328 0.377083 0.046094 0.098611
0 0.063281 0.148611 0.025000 0.052778
0 0.084766 0.368056 0.021094 0.047222
