0 0.008984 0.063889 0.017969 0.052778
0 0.010937 0.020833 0.021875 0.022222
0 0.028906 0.107639 0.023438 0.054167
0 0.030469 0.425000 0.018750 0.050000
0 0.051953 0.421528 0.024219 0.051389
0 0.076953 0.434028 0.019531 0.056944
0 0.099219 0.592361 0.034375 0.045833
0 0.053516 0.883333 0.019531 0.041667
0 0.050781 0.961111 0.026563 0.033333
0 0.188672 0.936806 0.017969 0.040278
0 0.207422 0.773611 0.016406 0.047222
0 0.444922 0.126389 0.021094 0.061111
0 0.290625 0.075694 0.020312 0.040278
0 0.280859 0.035417 0.017969 0.034722
0 0.257422 0.066667 0.022656 0.047222
0 0.239453 0.050000 0.019531 0.036111
0 0.159766 0.029167 0.022656 0.041667
0 0.185547 0.076389 0.019531 0.041667
0 0.130859 0.115972 0.019531 0.045833
0 0.117188 0.160417 0.020312 0.070833
0 0.139844 0.156250 0.015625 0.023611
0 0.125000 0.248611 0.032812 0.066667
0 0.196484 0.298611 0.014844 0.052778
0 0.172656 0.349306 0.021875 0.045833
0 0.205078 0.384722 0.030469 0.055556
0 0.242969 0.484722 0.029687 0.050000
0 0.256641 0.552083 0.025781 0.034722
0 0.283203 0.881250 0.021094 0.043056
0 0.298828 0.777083 0.025781 0.051389
0 0.322266 0.606944 0.024219 0.050000
0 0.330078 0.507639 0.019531 0.034722
0 0.346094 0.558333 0.025000 0.041667
0 0.312109 0.461111 0.017969 0.033333
0 0.308594 0.409722 0.023438 0.055556
0 0.313672 0.363889 0.016406 0.052778
0 0.328125 0.374306 0.015625 0.054167
0 0.339844 0.411111 0.021875 0.072222
0 0.363281 0.347222 0.021875 0.050000
0 0.389844 0.363889 0.018750 0.050000
0 0.420703 0.409028 0.019531 0.048611
0 0.410937 0.474306 0.020312 0.045833
0 0.526172 0.889583 0.014844 0.029167
0 0.606250 0.411806 0.017188 0.031944
0 0.721875 0.527778 0.020312 0.047222
