0 0.166797 0.066667 0.022656 0.044444
0 0.193750 0.108333 0.026563 0.050000
0 0.243750 0.088194 0.021875 0.051389
0 0.268750 0.097917 0.023438 0.059722
0 0.289844 0.070139 0.014062 0.029167
0 0.292188 0.108333 0.020312 0.038889
0 0.451953 0.167361 0.021094 0.031944
0 0.016406 0.129167 0.021875 0.052778
0 0.037500 0.150694 0.025000 0.051389
0 0.142188 0.168750 0.023438 0.076389
0 0.119141 0.190278 0.024219 0.069444
0 0.133984 0.281944 0.028906 0.072222
0 0.037500 0.463194 0.020312 0.037500
0 0.055078 0.452778 0.013281 0.036111
0 0.082813 0.465972 0.020312 0.043056
0 0.101953 0.627083 0.042969 0.048611
0 0.055859 0.913889 0.022656 0.050000
0 0.202344 0.343750 0.020312 0.056944
0 0.178516 0.386111 0.027344 0.041667
0 0.210547 0.421528 0.030469 0.056944
0 0.249219 0.518056 0.032812 0.047222
0 0.260547 0.579861 0.035156 0.040278
0 0.214453 0.792361 0.021094 0.056944
0 0.198047 0.936111 0.025781 0.041667
0 0.313672 0.464583 0.017969 0.065278
0 0.337109 0.433333 0.016406 0.061111
0 0.349609 0.420139 0.011719 0.073611
0 0.366016 0.382639 0.019531 0.040278
0 0.394531 0.402778 0.018750 0.044444
0 0.428516 0.438194 0.017969 0.040278
0 0.415625 0.505556 0.026563 0.066667
0 0.338672 0.559028 0.021094 0.065278
0 0.355078 0.601389 0.014844 0.038889
0 0.321875 0.639583 0.031250 0.051389
0 0.303906 0.818750 0.026563 0.062500
0 0.307031 0.943750 0.028125 0.045833
0 0.531641 0.924306 0.011719 0.040278
0 0.729688 0.571528 0.012500 0.034722
0 0.608984 0.450000 0.017969 0.030556
