0 0.166797 0.306944 0.033594 0.080556
0 0.197266 0.353472 0.025781 0.045833
0 0.215625 0.454167 0.021875 0.075000
0 0.133594 0.484722 0.029687 0.061111
0 0.068750 0.524306 0.025000 0.081944
0 0.113672 0.849306 0.036719 0.084722
0 0.159375 0.807639 0.031250 0.068056
0 0.202734 0.763889 0.030469 0.052778
0 0.197656 0.700000 0.025000 0.072222
0 0.198437 0.582639 0.020312 0.043056
0 0.229297 0.621528 0.017969 0.034722
0 0.139844 0.690278 0.037500 0.058333
0 0.271094 0.847222 0.031250 0.066667
0 0.301562 0.826389 0.023438 0.088889
0 0.218750 0.893056 0.032812 0.066667
0 0.307422 0.584028 0.021094 0.056944
0 0.303906 0.518750 0.020312 0.031944
0 0.357812 0.627778 0.034375 0.069444
0 0.396484 0.744444 0.022656 0.058333
0 0.304688 0.278472 0.025000 0.056944
0 0.490234 0.670139 0.027344 0.051389
0 0.541406 0.699306 0.025000 0.051389
0 0.550000 0.665278 0.025000 0.038889
0 0.520703 0.614583 0.021094 0.051389
0 0.797656 0.408333 0.026563 0.058333
0 0.731250 0.279167 0.009375 0.052778
0 0.757422 0.311111 0.021094 0.033333
0 0.817578 0.054861 0.028906 0.062500
0 0.736328 0.102083 0.025781 0.037500
0 0.732422 0.074306 0.017969 0.040278
0 0.723047 0.027083 0.019531 0.051389
0 0.736328 0.025694 0.022656 0.051389
0 0.693750 0.096528 0.028125 0.051389
0 0.687500 0.315278 0.021875 0.038889
0 0.722656 0.437500 0.020312 0.058333
0 0.659766 0.302083 0.025781 0.051389
0 0.626562 0.415278 0.034375 0.077778
0 0.585156 0.610417 0.020312 0.045833
0 0.571875 0.581250 0.029687 0.045833
0 0.571094 0.486806 0.032812 0.048611
0 0.569531 0.451389 0.029687 0.047222
0 0.475000 0.555556 0.029687 0.027778
0 0.458594 0.513889 0.020312 0.033333
0 0.642187 0.281944 0.021875 0.052778
0 0.621094 0.271528 0.021875 0.056944
0 0.643359 0.211806 0.019531 0.051389
0 0.620703 0.177083 0.024219 0.051389
0 0.616797 0.131250 0.014844 0.037500
0 0.645703 0.136806 0.022656 0.043056
0 0.646484 0.085417 0.017969 0.040278
0 0.659375 0.063889 0.021875 0.055556
0 0.649219 0.021528 0.028125 0.037500
0 0.574219 0.173611 0.015625 0.058333
0 0.587109 0.274306 0.016406 0.059722
0 0.559375 0.266667 0.014062 0.055556
0 0.560938 0.343750 0.017188 0.054167
0 0.536719 0.377083 0.023438 0.056944
0 0.498828 0.338194 0.038281 0.043056
0 0.461328 0.350694 0.028906 0.040278
0 0.466406 0.386111 0.020312 0.036111
0 0.444141 0.392361 0.024219 0.048611
0 0.408594 0.366667 0.023438 0.075000
0 0.559766 0.095833 0.025781 0.052778
0 0.560156 0.063889 0.021875 0.033333
0 0.558203 0.031944 0.021094 0.038889
0 0.522656 0.015972 0.028125 0.015278
0 0.519922 0.051389 0.025781 0.052778
0 0.505078 0.081944 0.022656 0.055556
0 0.534766 0.134722 0.021094 0.055556
0 0.508203 0.152083 0.030469 0.051389
0 0.508594 0.227083 0.020312 0.045833
0 0.494922 0.292361 0.027344 0.031944
0 0.473047 0.288889 0.022656 0.025000
0 0.483203 0.250694 0.017969 0.045833
0 0.466797 0.253472 0.024219 0.045833
0 0.453125 0.248611 0.015625 0.047222
0 0.424219 0.286806 0.026563 0.037500
0 0.449609 0.111111 0.019531 0.047222
0 0.423828 0.131250 0.024219 0.043056
0 0.419531 0.160417 0.028125 0.054167
0 0.402344 0.127083 0.017188 0.048611
0 0.334766 0.119444 0.041406 0.066667
0 0.427734 0.079167 0.025781 0.055556
0 0.399609 0.018056 0.024219 0.022222
0 0.476563 0.022917 0.023438 0.029167
0 0.409375 0.230556 0.020312 0.036111
