0 0.353906 0.445139 0.056250 0.059722
0 0.564062 0.232639 0.032812 0.040278
0 0.509766 0.177083 0.039844 0.037500
0 0.512891 0.045139 0.044531 0.062500
0 0.127734 0.191667 0.025781 0.077778
0 0.188672 0.415972 0.028906 0.068056
0 0.219531 0.613194 0.031250 0.054167
0 0.088672 0.647917 0.035156 0.062500
0 0.077344 0.920139 0.029687 0.115278
0 0.360938 0.763194 0.021875 0.062500
0 0.381641 0.734028 0.035156 0.065278
0 0.344922 0.624306 0.038281 0.073611
0 0.031250 0.370139 0.032812 0.081944
0 0.139844 0.444444 0.018750 0.069444
0 0.208984 0.268056 0.046094 0.061111
0 0.187500 0.168750 0.037500 0.081944
