0 0.342187 0.024306 0.021875 0.048611
0 0.316797 0.211806 0.039844 0.051389
0 0.291406 0.173611 0.028125 0.055556
0 0.113281 0.216667 0.039063 0.072222
0 0.114453 0.720833 0.025781 0.072222
0 0.327344 0.688889 0.020312 0.055556
0 0.343359 0.486111 0.028906 0.058333
0 0.347656 0.395833 0.031250 0.072222
0 0.333594 0.332639 0.026563 0.054167
0 0.449609 0.615972 0.032031 0.034722
0 0.544531 0.541667 0.037500 0.066667
0 0.572266 0.501389 0.024219 0.055556
0 0.580469 0.427778 0.028125 0.047222
0 0.664844 0.371528 0.032812 0.051389
0 0.846484 0.029861 0.021094 0.031944
