0 0.841797 0.535417 0.057031 0.148611
0 0.856641 0.415278 0.039844 0.102778
0 0.923047 0.511806 0.053906 0.093056
0 0.939844 0.373611 0.039063 0.122222
0 0.798437 0.264583 0.045313 0.093056
0 0.802344 0.372917 0.021875 0.084722
0 0.746094 0.416667 0.045313 0.113889
0 0.596094 0.497917 0.045313 0.115278
0 0.276953 0.147222 0.047656 0.063889
0 0.549219 0.127778 0.050000 0.111111
0 0.160547 0.348611 0.036719 0.075000
0 0.082813 0.259722 0.045313 0.105556
0 0.111719 0.469444 0.028125 0.075000
0 0.116797 0.539583 0.039844 0.062500
