0 0.818750 0.068750 0.028125 0.045833
0 0.846875 0.013889 0.026563 0.022222
0 0.760547 0.082639 0.021094 0.048611
0 0.735547 0.149306 0.022656 0.056944
0 0.694141 0.115278 0.024219 0.036111
0 0.684375 0.045833 0.012500 0.041667
0 0.733594 0.215278 0.028125 0.075000
0 0.758594 0.293056 0.017188 0.058333
0 0.777734 0.305556 0.016406 0.036111
0 0.828906 0.368750 0.023438 0.040278
0 0.700781 0.315972 0.028125 0.045833
0 0.695703 0.222917 0.024219 0.054167
0 0.670703 0.182639 0.024219 0.076389
0 0.658203 0.264583 0.024219 0.073611
0 0.703125 0.488194 0.025000 0.054167
0 0.657812 0.434028 0.031250 0.079167
0 0.619141 0.308333 0.025781 0.052778
0 0.612500 0.243056 0.021875 0.061111
0 0.659766 0.561806 0.022656 0.062500
0 0.653516 0.620139 0.032031 0.062500
0 0.696094 0.677778 0.028125 0.075000
0 0.607031 0.573611 0.034375 0.055556
0 0.571875 0.596528 0.020312 0.062500
0 0.603516 0.672222 0.030469 0.075000
0 0.591797 0.718056 0.016406 0.083333
0 0.600391 0.140278 0.014844 0.047222
0 0.584766 0.125694 0.017969 0.054167
0 0.581250 0.102083 0.017188 0.059722
0 0.581250 0.059722 0.017188 0.055556
0 0.552344 0.018056 0.015625 0.022222
0 0.534766 0.074306 0.024219 0.087500
0 0.576563 0.197222 0.025000 0.083333
0 0.560156 0.196528 0.018750 0.045833
0 0.583984 0.389583 0.024219 0.084722
0 0.555469 0.406944 0.029687 0.066667
0 0.540234 0.465972 0.025781 0.062500
0 0.530469 0.195139 0.031250 0.062500
0 0.505469 0.079167 0.023438 0.066667
0 0.493359 0.084722 0.022656 0.052778
0 0.484375 0.017361 0.014062 0.023611
0 0.432422 0.072917 0.028906 0.051389
0 0.431641 0.134028 0.025781 0.037500
0 0.446094 0.184722 0.025000 0.044444
0 0.414453 0.178472 0.021094 0.034722
0 0.512891 0.225000 0.022656 0.025000
0 0.502344 0.264583 0.023438 0.029167
0 0.489453 0.246528 0.022656 0.026389
0 0.472266 0.222917 0.011719 0.029167
0 0.515234 0.306250 0.022656 0.048611
0 0.489453 0.400694 0.025781 0.048611
0 0.483984 0.333333 0.017969 0.038889
0 0.455078 0.311111 0.016406 0.044444
0 0.451953 0.359028 0.024219 0.051389
0 0.460547 0.442361 0.024219 0.084722
0 0.497266 0.481944 0.014844 0.072222
0 0.482031 0.523611 0.023438 0.055556
0 0.443750 0.636806 0.025000 0.043056
0 0.407031 0.252778 0.012500 0.030556
0 0.396094 0.281250 0.018750 0.054167
0 0.356250 0.110417 0.023438 0.043056
0 0.375000 0.020139 0.021875 0.029167
0 0.323438 0.236111 0.018750 0.055556
0 0.336328 0.333333 0.014844 0.069444
0 0.272266 0.302083 0.024219 0.034722
0 0.262891 0.359028 0.013281 0.051389
0 0.183203 0.285417 0.024219 0.054167
0 0.245312 0.476389 0.035937 0.077778
0 0.190625 0.531944 0.020312 0.033333
0 0.217187 0.595139 0.026563 0.062500
0 0.161328 0.469444 0.017969 0.050000
0 0.110547 0.548611 0.036719 0.080556
0 0.232422 0.739583 0.039844 0.045833
0 0.329297 0.673611 0.024219 0.069444
0 0.340234 0.791667 0.025781 0.061111
0 0.330859 0.818750 0.022656 0.056944
0 0.333594 0.862500 0.020312 0.052778
0 0.353516 0.863889 0.019531 0.080556
0 0.158203 0.929861 0.042969 0.029167
0 0.508594 0.720139 0.029687 0.045833
0 0.437891 0.590278 0.017969 0.038889
