0 0.582812 0.131250 0.029687 0.062500
0 0.741406 0.059028 0.026563 0.026389
0 0.867188 0.089583 0.018750 0.054167
0 0.440234 0.317361 0.042969 0.070833
0 0.453906 0.129167 0.032812 0.086111
0 0.448828 0.051389 0.033594 0.075000
0 0.291016 0.125000 0.041406 0.075000
0 0.277734 0.068750 0.032031 0.062500
0 0.227734 0.145833 0.032031 0.055556
0 0.175000 0.050000 0.025000 0.055556
0 0.128906 0.056250 0.026563 0.065278
0 0.034766 0.100000 0.025781 0.069444
0 0.094922 0.548611 0.036719 0.075000
0 0.207813 0.513889 0.056250 0.080556
