0 0.856250 0.035417 0.028125 0.059722
0 0.823438 0.134028 0.025000 0.093056
0 0.774609 0.227083 0.030469 0.062500
0 0.732031 0.196528 0.035937 0.056944
0 0.678516 0.081250 0.032031 0.079167
0 0.673047 0.187500 0.024219 0.080556
0 0.610156 0.323611 0.032812 0.061111
0 0.547656 0.145139 0.032812 0.048611
0 0.464063 0.110417 0.035937 0.054167
0 0.458594 0.220833 0.032812 0.055556
0 0.432031 0.197917 0.029687 0.068056
0 0.316406 0.170139 0.032812 0.073611
0 0.226172 0.211111 0.035156 0.055556
0 0.192969 0.234028 0.031250 0.073611
0 0.299219 0.534722 0.039063 0.097222
0 0.111719 0.429861 0.021875 0.040278
