0 0.227734 0.231944 0.036719 0.080556
0 0.254297 0.334028 0.035156 0.090278
0 0.254687 0.447917 0.031250 0.065278
0 0.251563 0.530556 0.035937 0.077778
0 0.316797 0.656944 0.046094 0.047222
0 0.376172 0.457639 0.047656 0.095833
0 0.339844 0.412500 0.032812 0.094444
0 0.235938 0.841667 0.040625 0.088889
0 0.111719 0.835417 0.031250 0.068056
0 0.108203 0.928472 0.022656 0.045833
0 0.242188 0.103472 0.037500 0.068056
0 0.218359 0.048611 0.032031 0.052778
0 0.255469 0.019444 0.039063 0.033333
0 0.340625 0.158333 0.045313 0.091667
0 0.261719 0.202083 0.029687 0.059722
0 0.294922 0.262500 0.035156 0.061111
0 0.185937 0.224306 0.031250 0.056944
0 0.432422 0.189583 0.021094 0.051389
0 0.436328 0.343750 0.028906 0.051389
0 0.496484 0.147222 0.028906 0.075000
0 0.496094 0.461111 0.031250 0.113889
0 0.566406 0.050694 0.042188 0.076389
0 0.594531 0.256250 0.034375 0.073611
0 0.625781 0.330556 0.026563 0.080556
0 0.651563 0.357639 0.020312 0.079167
0 0.620703 0.429861 0.028906 0.048611
0 0.630859 0.589583 0.021094 0.073611
0 0.591406 0.643056 0.034375 0.077778
0 0.660156 0.081250 0.034375 0.090278
0 0.728516 0.153472 0.044531 0.129167
0 0.701563 0.257639 0.031250 0.073611
0 0.857422 0.324306 0.024219 0.079167
0 0.800000 0.521528 0.048437 0.087500
0 0.838281 0.648611 0.046875 0.061111
0 0.823438 0.751389 0.029687 0.077778
0 0.870703 0.799306 0.041406 0.062500
0 0.980469 0.885417 0.025000 0.076389
0 0.981250 0.556250 0.018750 0.070833
