0 0.850781 0.163889 0.032812 0.058333
0 0.855859 0.211806 0.035156 0.054167
0 0.823828 0.183333 0.032031 0.063889
0 0.795703 0.168056 0.035156 0.061111
0 0.841016 0.093750 0.035156 0.054167
0 0.817187 0.052778 0.048437 0.058333
0 0.794922 0.100694 0.033594 0.056944
0 0.761719 0.070833 0.029687 0.058333
0 0.747656 0.192361 0.040625 0.056944
0 0.718750 0.149306 0.029687 0.056944
0 0.686328 0.189583 0.032031 0.068056
0 0.663281 0.238194 0.026563 0.040278
0 0.695313 0.265972 0.031250 0.068056
0 0.664844 0.283333 0.032812 0.066667
0 0.676953 0.360417 0.035156 0.065278
0 0.583203 0.212500 0.022656 0.069444
0 0.569141 0.201389 0.035156 0.063889
0 0.543750 0.125000 0.028125 0.072222
0 0.564453 0.086806 0.024219 0.104167
0 0.598047 0.047917 0.032031 0.056944
0 0.053906 0.168056 0.045313 0.080556
0 0.136719 0.181944 0.034375 0.063889
0 0.212500 0.210417 0.032812 0.073611
0 0.034766 0.634028 0.050781 0.084722
0 0.014062 0.753472 0.028125 0.051389
0 0.019922 0.966667 0.032031 0.066667
0 0.123828 0.789583 0.041406 0.090278
0 0.195313 0.814583 0.026563 0.051389
0 0.181641 0.950000 0.032031 0.069444
0 0.200391 0.918056 0.025781 0.061111
0 0.274219 0.927778 0.032812 0.047222
0 0.270312 0.815972 0.020312 0.040278
0 0.331250 0.807639 0.035937 0.059722
0 0.299609 0.737500 0.035156 0.058333
0 0.308594 0.672917 0.042188 0.045833
0 0.357031 0.688889 0.032812 0.094444
0 0.315625 0.561806 0.043750 0.095833
0 0.311719 0.419444 0.032812 0.086111
0 0.314453 0.312500 0.041406 0.080556
0 0.325391 0.245833 0.032031 0.055556
0 0.295703 0.139583 0.044531 0.081944
0 0.258203 0.052083 0.036719 0.068056
0 0.365234 0.054167 0.024219 0.047222
0 0.389453 0.038194 0.032031 0.062500
0 0.385938 0.162500 0.031250 0.058333
0 0.382422 0.201389 0.032031 0.047222
0 0.356250 0.204861 0.028125 0.087500
0 0.403516 0.342361 0.033594 0.084722
0 0.375781 0.464583 0.032812 0.062500
0 0.316016 0.018056 0.019531 0.036111
0 0.442187 0.277083 0.026563 0.070833
0 0.480078 0.292361 0.028906 0.065278
0 0.485547 0.240278 0.022656 0.041667
0 0.451562 0.436111 0.015625 0.041667
0 0.496875 0.432639 0.043750 0.076389
0 0.467187 0.579167 0.031250 0.077778
0 0.428906 0.804861 0.028125 0.084722
0 0.407422 0.977083 0.024219 0.045833
0 0.529297 0.559028 0.033594 0.068056
0 0.518750 0.172917 0.026563 0.081944
0 0.558984 0.615972 0.022656 0.056944
0 0.594141 0.565972 0.016406 0.023611
0 0.608203 0.605556 0.027344 0.036111
0 0.628906 0.702778 0.054688 0.069444
0 0.735547 0.807639 0.033594 0.059722
0 0.845312 0.944444 0.039063 0.094444
0 0.807031 0.979167 0.028125 0.041667
0 0.799219 0.678472 0.023438 0.068056
0 0.800391 0.634028 0.033594 0.068056
0 0.784375 0.602083 0.020312 0.031944
0 0.762109 0.500000 0.041406 0.063889
0 0.740625 0.473611 0.023438 0.047222
0 0.718750 0.480556 0.025000 0.063889
0 0.858203 0.534722 0.024219 0.047222
0 0.862109 0.586806 0.024219 0.034722
0 0.889063 0.646528 0.039063 0.051389
0 0.905859 0.698611 0.030469 0.058333
0 0.876953 0.758333 0.041406 0.077778
0 0.904297 0.508333 0.021094 0.033333
0 0.929297 0.462500 0.032031 0.086111
0 0.895312 0.562500 0.028125 0.061111
0 0.919922 0.565972 0.017969 0.045833
0 0.985547 0.632639 0.021094 0.068056
