0 0.630469 0.373611 0.032812 0.069444
0 0.564844 0.434722 0.028125 0.072222
0 0.562500 0.490972 0.028125 0.056944
0 0.547656 0.726389 0.018750 0.055556
0 0.495313 0.492361 0.034375 0.076389
0 0.408594 0.179861 0.042188 0.056944
0 0.444531 0.089583 0.028125 0.045833
0 0.336719 0.029167 0.025000 0.033333
0 0.292578 0.143750 0.022656 0.062500
0 0.298047 0.202778 0.022656 0.055556
0 0.337109 0.285417 0.025781 0.054167
0 0.360547 0.416667 0.024219 0.063889
0 0.334375 0.477083 0.026563 0.084722
0 0.328906 0.667361 0.023438 0.045833
0 0.126953 0.627778 0.024219 0.041667
