0 0.353125 0.156944 0.017188 0.038889
0 0.500391 0.484028 0.019531 0.034722
0 0.342578 0.643750 0.021094 0.045833
0 0.348437 0.547222 0.017188 0.038889
0 0.455859 0.729861 0.013281 0.045833
0 0.383203 0.674306 0.027344 0.054167
0 0.577344 0.790972 0.021875 0.048611
0 0.528906 0.988194 0.017188 0.023611
0 0.788672 0.895833 0.010156 0.041667
0 0.476563 0.163889 0.012500 0.025000
0 0.572266 0.217361 0.013281 0.029167
0 0.584766 0.194444 0.024219 0.038889
0 0.616406 0.167361 0.012500 0.029167
0 0.626172 0.204861 0.017969 0.031944
0 0.649219 0.130556 0.018750 0.041667
0 0.673437 0.185417 0.020312 0.059722
0 0.701953 0.347917 0.013281 0.034722
0 0.439063 0.463194 0.010937 0.018056
0 0.497266 0.912500 0.005469 0.019444
0 0.190625 0.972917 0.007813 0.018056
