0 0.706250 0.334028 0.017188 0.048611
0 0.790234 0.868750 0.027344 0.045833
0 0.536328 0.970833 0.019531 0.038889
0 0.550781 0.827083 0.020312 0.048611
0 0.460547 0.726389 0.022656 0.038889
0 0.393750 0.646528 0.035937 0.040278
0 0.347266 0.629861 0.024219 0.054167
0 0.346484 0.420139 0.021094 0.034722
0 0.437109 0.415278 0.010156 0.030556
0 0.467969 0.461806 0.028125 0.045833
0 0.412891 0.177778 0.017969 0.036111
0 0.514844 0.145139 0.015625 0.040278
0 0.598828 0.192361 0.019531 0.034722
0 0.648828 0.151389 0.014844 0.027778
0 0.671094 0.195833 0.010937 0.038889
0 0.653125 0.220139 0.020312 0.048611
0 0.632031 0.215278 0.012500 0.036111
0 0.159766 0.870833 0.008594 0.022222
0 0.441797 0.845833 0.008594 0.016667
