0 0.467969 0.447917 0.023438 0.034722
0 0.344141 0.404167 0.017969 0.041667
0 0.349609 0.612500 0.024219 0.041667
0 0.390234 0.629861 0.019531 0.031944
0 0.464063 0.720139 0.026563 0.034722
0 0.533984 0.961111 0.016406 0.033333
0 0.547266 0.845833 0.013281 0.050000
0 0.790234 0.859722 0.022656 0.030556
0 0.701953 0.322917 0.013281 0.043056
0 0.654688 0.220139 0.017188 0.037500
0 0.670313 0.189583 0.014062 0.051389
0 0.655078 0.161111 0.014844 0.030556
0 0.606641 0.187500 0.021094 0.038889
0 0.638281 0.213194 0.012500 0.037500
0 0.517578 0.133333 0.008594 0.038889
0 0.417578 0.187500 0.022656 0.038889
0 0.439844 0.399306 0.012500 0.020833
0 0.435547 0.827083 0.011719 0.020833
0 0.158203 0.848611 0.010156 0.019444
