0 0.466406 0.434028 0.029687 0.040278
0 0.350000 0.415972 0.023438 0.045833
0 0.346875 0.609722 0.028125 0.044444
0 0.394141 0.627083 0.017969 0.034722
0 0.463281 0.715972 0.025000 0.051389
0 0.542969 0.847917 0.021875 0.062500
0 0.533594 0.953472 0.015625 0.037500
0 0.786328 0.855556 0.021094 0.052778
0 0.700391 0.318056 0.014844 0.033333
0 0.433594 0.198611 0.023438 0.047222
0 0.605859 0.179861 0.021094 0.034722
0 0.641406 0.207639 0.018750 0.040278
0 0.660156 0.180556 0.020312 0.030556
0 0.516406 0.117361 0.012500 0.031944
0 0.439063 0.396528 0.017188 0.026389
0 0.426562 0.809028 0.010937 0.015278
0 0.151172 0.830556 0.010156 0.027778
