0 0.641016 0.204861 0.017969 0.043056
0 0.609375 0.175694 0.017188 0.037500
0 0.449609 0.215278 0.016406 0.044444
0 0.460547 0.436111 0.021094 0.022222
0 0.436719 0.397222 0.009375 0.025000
0 0.358203 0.402778 0.022656 0.055556
0 0.347266 0.611806 0.022656 0.045833
0 0.395312 0.628472 0.018750 0.048611
0 0.465234 0.722917 0.024219 0.045833
0 0.542578 0.862500 0.022656 0.050000
0 0.533203 0.960417 0.024219 0.043056
0 0.786719 0.854167 0.015625 0.044444
0 0.701172 0.324306 0.016406 0.056944
0 0.666016 0.211806 0.021094 0.062500
0 0.651953 0.252778 0.011719 0.036111
0 0.522656 0.111806 0.012500 0.020833
0 0.420703 0.808333 0.010156 0.025000
0 0.146484 0.820833 0.007031 0.022222
