0 0.355859 0.375000 0.022656 0.050000
0 0.462500 0.426389 0.026563 0.047222
0 0.435156 0.389583 0.012500 0.026389
0 0.457422 0.232639 0.011719 0.040278
0 0.524219 0.100694 0.007813 0.023611
0 0.617578 0.180556 0.016406 0.030556
0 0.641016 0.205556 0.013281 0.016667
0 0.648047 0.268056 0.017969 0.044444
0 0.667578 0.232639 0.024219 0.059722
0 0.701172 0.319444 0.013281 0.025000
0 0.784766 0.849306 0.024219 0.034722
0 0.538672 0.875000 0.013281 0.041667
0 0.532422 0.957639 0.021094 0.037500
0 0.473047 0.724306 0.024219 0.029167
0 0.394922 0.634028 0.024219 0.034722
0 0.346484 0.617361 0.022656 0.043056
0 0.412500 0.800694 0.009375 0.015278
0 0.142969 0.811111 0.006250 0.013889
