0 0.458594 0.419444 0.021875 0.050000
0 0.357422 0.336111 0.025781 0.044444
0 0.347266 0.611111 0.021094 0.041667
0 0.394141 0.630556 0.017969 0.041667
0 0.495703 0.710417 0.021094 0.043056
0 0.539063 0.883333 0.020312 0.047222
0 0.533203 0.959722 0.021094 0.038889
0 0.789453 0.836806 0.017969 0.034722
0 0.466016 0.225000 0.019531 0.044444
0 0.441016 0.390278 0.011719 0.038889
0 0.528125 0.116667 0.010937 0.022222
0 0.627344 0.179861 0.015625 0.034722
0 0.644531 0.265278 0.012500 0.030556
0 0.649219 0.213889 0.017188 0.050000
0 0.669531 0.236111 0.021875 0.077778
0 0.705078 0.318750 0.013281 0.026389
0 0.408984 0.791667 0.010156 0.013889
0 0.140234 0.800000 0.007031 0.013889
