0 0.705859 0.320833 0.011719 0.038889
0 0.751172 0.824306 0.008594 0.020833
0 0.537500 0.897917 0.023438 0.043056
0 0.533594 0.965278 0.018750 0.036111
0 0.512109 0.670833 0.013281 0.036111
0 0.396875 0.623611 0.012500 0.041667
0 0.349219 0.622917 0.020312 0.045833
0 0.371094 0.314583 0.023438 0.065278
0 0.453516 0.398611 0.016406 0.047222
0 0.469922 0.239583 0.021094 0.037500
0 0.630859 0.268750 0.019531 0.043056
0 0.651563 0.317361 0.012500 0.034722
0 0.664844 0.264583 0.018750 0.037500
0 0.671484 0.219444 0.030469 0.036111
0 0.549219 0.168056 0.014062 0.025000
0 0.441797 0.388194 0.007031 0.023611
0 0.390625 0.764583 0.009375 0.018056
0 0.128906 0.770139 0.007813 0.020833
