0 0.448047 0.222222 0.014844 0.027778
0 0.477344 0.395139 0.015625 0.037500
0 0.452734 0.395833 0.013281 0.025000
0 0.406250 0.617361 0.015625 0.037500
0 0.358984 0.611806 0.022656 0.040278
0 0.334375 0.615278 0.014062 0.019444
0 0.525000 0.604861 0.021875 0.031944
0 0.512109 0.870833 0.019531 0.047222
0 0.540625 0.956944 0.015625 0.033333
0 0.092969 0.602083 0.006250 0.018056
0 0.561719 0.379167 0.020312 0.033333
0 0.605078 0.195833 0.014844 0.041667
0 0.638672 0.256250 0.025781 0.043056
0 0.657031 0.328472 0.017188 0.031944
0 0.710547 0.318056 0.017969 0.038889
0 0.659766 0.406250 0.017969 0.040278
0 0.685547 0.457639 0.016406 0.034722
0 0.639453 0.419444 0.019531 0.047222
0 0.441016 0.098611 0.025781 0.050000
