0 0.471094 0.356944 0.020312 0.050000
0 0.246875 0.131250 0.014062 0.031944
0 0.242578 0.458333 0.011719 0.025000
0 0.230859 0.760417 0.013281 0.037500
0 0.335938 0.833333 0.018750 0.036111
0 0.332422 0.729861 0.017969 0.029167
0 0.352344 0.747222 0.018750 0.044444
0 0.276563 0.668056 0.021875 0.047222
0 0.322266 0.449306 0.014844 0.031944
0 0.396875 0.525694 0.017188 0.051389
0 0.472656 0.654861 0.021875 0.043056
0 0.407031 0.730556 0.015625 0.027778
0 0.434766 0.782639 0.021094 0.034722
0 0.475000 0.818056 0.015625 0.033333
0 0.540234 0.458333 0.014844 0.033333
0 0.586719 0.402083 0.023438 0.034722
