0 0.399609 0.474306 0.027344 0.056944
0 0.378125 0.500000 0.026563 0.058333
0 0.341016 0.373611 0.027344 0.050000
0 0.262891 0.308333 0.019531 0.047222
0 0.157031 0.412500 0.021875 0.050000
0 0.013672 0.731944 0.022656 0.036111
0 0.277734 0.668750 0.025781 0.045833
0 0.342578 0.859722 0.025781 0.050000
0 0.397266 0.964583 0.028906 0.040278
0 0.430859 0.800694 0.032031 0.073611
0 0.542188 0.738889 0.023438 0.050000
0 0.532031 0.590972 0.023438 0.043056
0 0.674219 0.655556 0.034375 0.066667
0 0.375781 0.045139 0.029687 0.051389
0 0.454297 0.525000 0.024219 0.069444
