0 0.432813 0.266667 0.010937 0.033333
0 0.430078 0.340278 0.011719 0.036111
0 0.450781 0.477083 0.017188 0.034722
0 0.261328 0.393056 0.011719 0.030556
0 0.233984 0.400000 0.014844 0.030556
0 0.214062 0.802778 0.012500 0.027778
0 0.309766 0.575000 0.010156 0.030556
0 0.337500 0.626389 0.015625 0.038889
0 0.358984 0.817361 0.016406 0.034722
0 0.411328 0.900000 0.013281 0.025000
0 0.439453 0.740278 0.016406 0.038889
0 0.403125 0.652083 0.015625 0.023611
0 0.387500 0.563889 0.015625 0.036111
0 0.354688 0.550000 0.020312 0.044444
0 0.390625 0.493056 0.012500 0.033333
0 0.535156 0.694444 0.021875 0.030556
