0 0.437109 0.252083 0.013281 0.034722
0 0.437500 0.371528 0.015625 0.026389
0 0.471094 0.403472 0.014062 0.029167
0 0.453906 0.545833 0.018750 0.033333
0 0.388672 0.470139 0.013281 0.026389
0 0.334375 0.567361 0.020312 0.031944
0 0.251172 0.364583 0.013281 0.034722
0 0.208594 0.416667 0.015625 0.030556
0 0.258984 0.738889 0.011719 0.036111
0 0.353516 0.798611 0.008594 0.022222
0 0.410547 0.893056 0.021094 0.030556
0 0.419922 0.743750 0.016406 0.037500
0 0.401953 0.643056 0.013281 0.027778
0 0.376172 0.609028 0.014844 0.023611
0 0.359375 0.627778 0.021875 0.027778
0 0.539844 0.759028 0.010937 0.034722
