0 0.408203 0.371528 0.014844 0.037500
0 0.423047 0.222222 0.014844 0.041667
0 0.257422 0.425694 0.014844 0.040278
0 0.272656 0.630556 0.018750 0.033333
0 0.292188 0.763889 0.014062 0.036111
0 0.363672 0.829167 0.028906 0.055556
0 0.410547 0.834722 0.011719 0.036111
0 0.390234 0.908333 0.016406 0.025000
0 0.435547 0.879167 0.011719 0.033333
0 0.462500 0.689583 0.020312 0.026389
0 0.367969 0.681944 0.012500 0.038889
0 0.386719 0.599306 0.017188 0.031944
0 0.424219 0.511111 0.014062 0.030556
0 0.517578 0.957639 0.014844 0.034722
0 0.383594 0.990972 0.015625 0.018056
