0 0.230859 0.120833 0.017969 0.036111
0 0.244531 0.424306 0.015625 0.034722
0 0.233203 0.459028 0.017969 0.040278
0 0.265234 0.625694 0.019531 0.037500
0 0.207031 0.702778 0.015625 0.025000
0 0.315234 0.864583 0.017969 0.037500
0 0.434766 0.861806 0.016406 0.043056
0 0.453125 0.812500 0.015625 0.033333
0 0.475000 0.647917 0.014062 0.020833
0 0.469141 0.572917 0.011719 0.037500
0 0.449219 0.577778 0.014062 0.027778
0 0.403516 0.490972 0.016406 0.023611
0 0.348047 0.470833 0.016406 0.022222
0 0.335938 0.450694 0.012500 0.026389
0 0.479297 0.381250 0.013281 0.026389
0 0.554688 0.456250 0.012500 0.031944
0 0.547266 0.516667 0.014844 0.030556
