0 0.406641 0.452778 0.022656 0.036111
0 0.502734 0.442361 0.016406 0.040278
0 0.439844 0.563889 0.017188 0.025000
0 0.437109 0.666667 0.019531 0.030556
0 0.366797 0.620833 0.016406 0.041667
0 0.425000 0.752083 0.017188 0.037500
0 0.294531 0.903472 0.012500 0.023611
0 0.378125 0.933333 0.012500 0.027778
0 0.443750 0.915972 0.009375 0.023611
0 0.461719 0.866667 0.009375 0.030556
0 0.483984 0.727778 0.013281 0.036111
0 0.521484 0.800000 0.011719 0.030556
0 0.555078 0.843750 0.011719 0.037500
0 0.555859 0.960417 0.014844 0.029167
