0 0.357031 0.036806 0.023438 0.045833
0 0.295703 0.340972 0.028906 0.068056
0 0.353516 0.331250 0.033594 0.062500
0 0.185156 0.424306 0.029687 0.068056
0 0.232422 0.665972 0.032031 0.062500
0 0.337500 0.729861 0.032812 0.068056
0 0.391797 0.765278 0.028906 0.052778
0 0.423047 0.879167 0.021094 0.044444
0 0.526172 0.806944 0.025781 0.055556
0 0.636719 0.639583 0.039063 0.073611
0 0.521484 0.557639 0.024219 0.059722
0 0.483594 0.540972 0.025000 0.031944
0 0.445703 0.486111 0.024219 0.066667
0 0.398047 0.472917 0.027344 0.056944
