0 0.384766 0.200000 0.017969 0.030556
0 0.508594 0.252083 0.020312 0.034722
0 0.401953 0.469444 0.011719 0.036111
0 0.346484 0.461806 0.028906 0.029167
0 0.331641 0.505556 0.016406 0.030556
0 0.298438 0.352778 0.015625 0.025000
0 0.338672 0.542361 0.013281 0.029167
0 0.409375 0.552083 0.014062 0.034722
0 0.465234 0.518750 0.010156 0.043056
0 0.406641 0.647917 0.014844 0.031944
0 0.408594 0.682639 0.012500 0.026389
0 0.333984 0.821528 0.016406 0.026389
0 0.203906 0.504861 0.018750 0.045833
0 0.196875 0.745833 0.014062 0.033333
0 0.436328 0.826389 0.014844 0.025000
0 0.462109 0.898611 0.016406 0.027778
