0 0.464063 0.268750 0.020312 0.026389
0 0.483203 0.337500 0.017969 0.030556
0 0.407813 0.455556 0.020312 0.027778
0 0.285156 0.372222 0.018750 0.033333
0 0.312891 0.480556 0.017969 0.033333
0 0.348047 0.479167 0.011719 0.041667
0 0.342187 0.556944 0.017188 0.030556
0 0.389453 0.555556 0.016406 0.030556
0 0.403516 0.661111 0.013281 0.033333
0 0.417969 0.727778 0.012500 0.027778
0 0.353906 0.795833 0.017188 0.038889
0 0.354297 0.773611 0.014844 0.041667
0 0.196875 0.763194 0.025000 0.048611
0 0.164844 0.539583 0.021875 0.045833
