0 0.243750 0.630556 0.015625 0.022222
0 0.357422 0.619444 0.013281 0.030556
0 0.398047 0.590278 0.010156 0.027778
0 0.416797 0.465972 0.014844 0.037500
0 0.376172 0.386806 0.016406 0.031944
0 0.415625 0.347917 0.012500 0.031944
0 0.484375 0.616667 0.014062 0.030556
0 0.398438 0.735417 0.012500 0.031944
0 0.369922 0.711806 0.011719 0.029167
0 0.379297 0.954167 0.011719 0.025000
0 0.408594 0.937500 0.012500 0.025000
0 0.485156 0.738889 0.015625 0.027778
0 0.528125 0.643056 0.015625 0.052778
0 0.557031 0.597222 0.014062 0.036111
