0 0.537109 0.077778 0.025781 0.047222
0 0.753906 0.142361 0.035937 0.062500
0 0.800391 0.429167 0.024219 0.041667
0 0.544531 0.498611 0.042188 0.050000
0 0.523438 0.257639 0.026563 0.043056
0 0.400000 0.022222 0.021875 0.036111
0 0.364453 0.078472 0.022656 0.051389
0 0.274219 0.029167 0.023438 0.050000
0 0.190625 0.088889 0.026563 0.050000
0 0.201562 0.213889 0.043750 0.069444
0 0.170703 0.401389 0.025781 0.036111
0 0.200000 0.688889 0.028125 0.069444
0 0.055469 0.858333 0.017188 0.044444
0 0.368750 0.748611 0.025000 0.061111
0 0.369141 0.830556 0.027344 0.044444
0 0.459766 0.724306 0.024219 0.051389
0 0.478906 0.840278 0.026563 0.055556
0 0.473828 0.517361 0.019531 0.062500
0 0.493359 0.476389 0.044531 0.052778
0 0.470703 0.425000 0.028906 0.041667
0 0.458984 0.341667 0.035156 0.050000
0 0.404687 0.468750 0.035937 0.048611
