0 0.352344 0.182639 0.014062 0.037500
0 0.297656 0.377083 0.021875 0.034722
0 0.314063 0.403472 0.018750 0.045833
0 0.328906 0.522917 0.018750 0.054167
0 0.260938 0.692361 0.015625 0.043056
0 0.231641 0.695833 0.014844 0.027778
0 0.304688 0.878472 0.015625 0.031944
0 0.389453 0.851389 0.016406 0.038889
0 0.428516 0.897222 0.013281 0.038889
0 0.403906 0.700000 0.017188 0.041667
0 0.372266 0.608333 0.010156 0.036111
0 0.399609 0.582639 0.014844 0.034722
0 0.384766 0.467361 0.017969 0.031944
0 0.463281 0.509722 0.018750 0.038889
0 0.475781 0.251389 0.014062 0.027778
