0 0.364844 0.452083 0.012500 0.029167
0 0.262500 0.532639 0.015625 0.026389
0 0.353906 0.640972 0.014062 0.026389
0 0.359375 0.568750 0.007813 0.029167
0 0.407813 0.464583 0.012500 0.023611
0 0.490234 0.301389 0.014844 0.027778
0 0.455469 0.580556 0.012500 0.030556
0 0.367188 0.715278 0.015625 0.022222
0 0.378516 0.786111 0.011719 0.027778
0 0.380859 0.961111 0.011719 0.044444
0 0.408984 0.970139 0.014844 0.034722
0 0.482812 0.622222 0.010937 0.019444
0 0.503516 0.739583 0.008594 0.026389
0 0.547266 0.783333 0.010156 0.027778
0 0.548437 0.627778 0.009375 0.038889
0 0.615625 0.552083 0.010937 0.026389
