0 0.229297 0.466667 0.016406 0.030556
0 0.193750 0.110417 0.021875 0.031944
0 0.172656 0.123611 0.020312 0.033333
0 0.347266 0.406250 0.019531 0.043056
0 0.338281 0.459028 0.012500 0.034722
0 0.260938 0.597917 0.018750 0.043056
0 0.223047 0.706944 0.014844 0.025000
0 0.342969 0.854861 0.010937 0.031944
0 0.412500 0.883333 0.018750 0.036111
0 0.370703 0.527083 0.016406 0.037500
0 0.387500 0.454167 0.017188 0.041667
0 0.423047 0.376389 0.017969 0.036111
0 0.433984 0.539583 0.016406 0.029167
0 0.452734 0.518056 0.014844 0.041667
0 0.470313 0.639583 0.018750 0.023611
0 0.427344 0.750000 0.018750 0.050000
0 0.581250 0.410417 0.021875 0.040278
