0 0.614453 0.207639 0.008594 0.018056
0 0.448438 0.295833 0.010937 0.016667
0 0.414063 0.344444 0.014062 0.016667
0 0.404297 0.327083 0.007031 0.015278
0 0.412109 0.365972 0.007031 0.009722
0 0.395703 0.352083 0.008594 0.020833
0 0.404297 0.397917 0.007031 0.012500
0 0.390234 0.486111 0.010156 0.025000
0 0.402344 0.588194 0.010937 0.012500
0 0.489062 0.534722 0.014062 0.027778
0 0.471875 0.563194 0.010937 0.015278
0 0.473437 0.649306 0.012500 0.012500
0 0.544922 0.612500 0.013281 0.027778
0 0.541016 0.656250 0.016406 0.023611
0 0.569922 0.539583 0.011719 0.031944
0 0.605469 0.562500 0.009375 0.013889
0 0.605469 0.452778 0.015625 0.025000
0 0.646875 0.465278 0.015625 0.019444
