0 0.442578 0.295139 0.008594 0.018056
0 0.611719 0.213194 0.010937 0.023611
0 0.413672 0.343056 0.011719 0.013889
0 0.410937 0.361806 0.009375 0.015278
0 0.398828 0.342361 0.010156 0.012500
0 0.402734 0.328472 0.014844 0.023611
0 0.385156 0.484028 0.012500 0.018056
0 0.403906 0.578472 0.009375 0.026389
0 0.471875 0.560417 0.010937 0.015278
0 0.479688 0.534028 0.010937 0.023611
0 0.475391 0.652083 0.013281 0.020833
0 0.535547 0.654861 0.016406 0.026389
0 0.539844 0.602083 0.009375 0.015278
0 0.567578 0.534722 0.008594 0.022222
0 0.611328 0.458333 0.016406 0.022222
0 0.641406 0.468750 0.014062 0.023611
