0 0.445313 0.294444 0.009375 0.016667
0 0.607813 0.215972 0.007813 0.026389
0 0.570313 0.520833 0.010937 0.030556
0 0.591406 0.586806 0.004688 0.012500
0 0.618359 0.459722 0.016406 0.025000
0 0.643750 0.471528 0.014062 0.023611
0 0.541406 0.606250 0.012500 0.015278
0 0.535937 0.650000 0.009375 0.022222
0 0.461328 0.643750 0.019531 0.023611
0 0.469141 0.563194 0.010156 0.012500
0 0.478906 0.540278 0.014062 0.030556
0 0.417969 0.539583 0.009375 0.018056
0 0.377734 0.475000 0.003906 0.022222
0 0.401953 0.381250 0.011719 0.015278
0 0.410937 0.357639 0.014062 0.018056
0 0.414063 0.325694 0.010937 0.023611
0 0.426953 0.356250 0.011719 0.015278
