0 0.443750 0.295139 0.009375 0.018056
0 0.446484 0.312500 0.013281 0.016667
0 0.651953 0.233333 0.010156 0.013889
0 0.428906 0.325000 0.010937 0.027778
0 0.439453 0.350000 0.007031 0.016667
0 0.442969 0.389583 0.007813 0.020833
0 0.421094 0.373611 0.012500 0.016667
0 0.399219 0.438194 0.007813 0.012500
0 0.417188 0.553472 0.020312 0.018056
0 0.408984 0.618056 0.014844 0.025000
0 0.465625 0.565278 0.007813 0.013889
0 0.474609 0.540972 0.014844 0.015278
0 0.542969 0.483333 0.010937 0.019444
0 0.533984 0.603472 0.008594 0.018056
0 0.537500 0.652083 0.025000 0.031944
0 0.564453 0.638889 0.007031 0.016667
0 0.621484 0.486806 0.007031 0.023611
0 0.641406 0.465972 0.012500 0.029167
