0 0.621875 0.206944 0.009375 0.030556
0 0.604688 0.447917 0.009375 0.031944
0 0.621094 0.529167 0.006250 0.013889
0 0.652344 0.471528 0.009375 0.026389
0 0.573047 0.541667 0.013281 0.027778
0 0.552734 0.609722 0.010156 0.027778
0 0.544141 0.655556 0.014844 0.025000
0 0.499219 0.652083 0.012500 0.020833
0 0.494141 0.514583 0.011719 0.026389
0 0.475781 0.555556 0.006250 0.011111
0 0.392188 0.589583 0.007813 0.018056
0 0.394141 0.509028 0.010156 0.020833
0 0.413672 0.415278 0.011719 0.022222
0 0.393359 0.398611 0.011719 0.025000
0 0.409375 0.364583 0.015625 0.023611
0 0.405469 0.334722 0.012500 0.022222
0 0.454297 0.297222 0.011719 0.019444
