0 0.610547 0.215278 0.014844 0.027778
0 0.442969 0.300000 0.009375 0.025000
0 0.480859 0.540278 0.013281 0.030556
0 0.469141 0.561806 0.010156 0.012500
0 0.471875 0.643750 0.010937 0.023611
0 0.533594 0.653472 0.014062 0.015278
0 0.408984 0.559722 0.014844 0.022222
0 0.381250 0.482639 0.006250 0.020833
0 0.403516 0.391667 0.011719 0.025000
0 0.402344 0.331250 0.014062 0.018056
0 0.409766 0.361806 0.011719 0.015278
0 0.417578 0.344444 0.011719 0.016667
0 0.608984 0.455556 0.013281 0.025000
0 0.641797 0.470139 0.014844 0.020833
0 0.566406 0.535417 0.009375 0.018056
0 0.538281 0.604167 0.014062 0.019444
