0 0.444922 0.293750 0.011719 0.012500
0 0.613672 0.225000 0.017969 0.047222
0 0.612109 0.456944 0.017969 0.025000
0 0.641016 0.469444 0.011719 0.022222
0 0.569922 0.527778 0.008594 0.025000
0 0.542188 0.598611 0.010937 0.022222
0 0.535547 0.652778 0.014844 0.019444
0 0.468359 0.640278 0.017969 0.022222
0 0.469141 0.563889 0.005469 0.016667
0 0.480078 0.538889 0.011719 0.025000
0 0.412891 0.547917 0.013281 0.018056
0 0.380469 0.476389 0.010937 0.016667
0 0.400781 0.386806 0.007813 0.015278
0 0.424609 0.349306 0.010156 0.023611
0 0.409375 0.354861 0.007813 0.012500
0 0.408203 0.325694 0.007031 0.020833
