0 0.444922 0.294444 0.010156 0.016667
0 0.605469 0.220833 0.010937 0.030556
0 0.620313 0.462500 0.012500 0.022222
0 0.644141 0.469444 0.010156 0.022222
0 0.563672 0.504167 0.013281 0.022222
0 0.588672 0.592361 0.003906 0.009722
0 0.541406 0.605556 0.010937 0.016667
0 0.534766 0.650694 0.016406 0.015278
0 0.475781 0.540278 0.009375 0.016667
0 0.467187 0.558333 0.010937 0.019444
0 0.444922 0.636111 0.011719 0.025000
0 0.415234 0.532639 0.011719 0.026389
0 0.385156 0.472917 0.007813 0.015278
0 0.404297 0.371528 0.010156 0.029167
0 0.416406 0.329167 0.010937 0.019444
0 0.416406 0.350000 0.012500 0.019444
0 0.429297 0.331944 0.011719 0.019444
0 0.430469 0.356250 0.015625 0.018056
