0 0.160938 0.042361 0.026563 0.031944
0 0.219141 0.081944 0.024219 0.050000
0 0.192578 0.277083 0.041406 0.062500
0 0.128125 0.275694 0.029687 0.062500
0 0.084766 0.239583 0.032031 0.040278
0 0.269922 0.077083 0.025781 0.051389
0 0.341016 0.272222 0.022656 0.030556
0 0.414844 0.187500 0.045313 0.050000
0 0.435156 0.313889 0.026563 0.050000
0 0.535547 0.338889 0.044531 0.041667
0 0.480078 0.088889 0.021094 0.036111
0 0.673047 0.081250 0.021094 0.037500
0 0.657422 0.206250 0.017969 0.023611
0 0.718750 0.017361 0.026563 0.029167
0 0.765625 0.111806 0.021875 0.043056
0 0.742969 0.172222 0.023438 0.033333
0 0.780469 0.303472 0.028125 0.043056
0 0.835156 0.361111 0.018750 0.033333
0 0.796094 0.545139 0.034375 0.048611
0 0.710156 0.575694 0.021875 0.037500
0 0.659766 0.477778 0.019531 0.036111
0 0.714063 0.632639 0.021875 0.034722
0 0.706250 0.661111 0.020312 0.030556
0 0.753906 0.745833 0.031250 0.041667
0 0.763281 0.804861 0.031250 0.040278
0 0.796094 0.964583 0.017188 0.029167
0 0.641406 0.758333 0.020312 0.033333
0 0.616016 0.826389 0.017969 0.025000
0 0.635156 0.883333 0.014062 0.027778
0 0.344141 0.412500 0.016406 0.030556
0 0.334375 0.439583 0.015625 0.026389
0 0.222266 0.477083 0.022656 0.034722
0 0.249609 0.715278 0.017969 0.038889
0 0.210547 0.775000 0.025781 0.044444
0 0.166406 0.863194 0.020312 0.051389
0 0.233984 0.872917 0.019531 0.045833
0 0.010937 0.767361 0.021875 0.029167
0 0.275781 0.972917 0.028125 0.037500
0 0.310937 0.882639 0.017188 0.034722
0 0.326953 0.711806 0.022656 0.045833
0 0.335938 0.620833 0.018750 0.036111
0 0.366016 0.550000 0.025781 0.025000
0 0.383984 0.466667 0.021094 0.050000
0 0.427734 0.491667 0.028906 0.041667
0 0.510547 0.505556 0.027344 0.047222
0 0.498047 0.592361 0.025781 0.031944
0 0.457031 0.621528 0.021875 0.040278
0 0.465625 0.706944 0.018750 0.038889
0 0.446094 0.872917 0.028125 0.043056
0 0.424609 0.898611 0.024219 0.033333
0 0.386719 0.868750 0.020312 0.037500
0 0.366406 0.932639 0.012500 0.026389
0 0.560547 0.614583 0.021094 0.054167
0 0.567969 0.746528 0.028125 0.026389
0 0.564844 0.776389 0.034375 0.025000
