0 0.408984 0.026389 0.046094 0.052778
0 0.696875 0.105556 0.026563 0.041667
0 0.750000 0.020833 0.026563 0.027778
0 0.760547 0.119444 0.024219 0.038889
0 0.874609 0.079861 0.021094 0.040278
0 0.750781 0.263194 0.018750 0.034722
0 0.800391 0.324306 0.036719 0.045833
0 0.839063 0.353472 0.017188 0.029167
0 0.812109 0.563194 0.028906 0.037500
0 0.715625 0.446528 0.025000 0.031944
0 0.748047 0.609028 0.019531 0.034722
0 0.752734 0.675694 0.022656 0.043056
0 0.757813 0.727083 0.029687 0.029167
0 0.841406 0.877083 0.026563 0.048611
0 0.739062 0.858333 0.034375 0.033333
0 0.727344 0.884028 0.029687 0.023611
0 0.671484 0.770139 0.021094 0.037500
0 0.676172 0.818056 0.021094 0.030556
0 0.577344 0.840972 0.018750 0.037500
0 0.578516 0.774306 0.016406 0.029167
0 0.594531 0.622222 0.025000 0.055556
0 0.535547 0.520833 0.028906 0.050000
0 0.564062 0.355556 0.039063 0.041667
0 0.441406 0.212500 0.031250 0.044444
0 0.465625 0.454861 0.018750 0.031944
0 0.502344 0.586111 0.029687 0.033333
0 0.494922 0.697222 0.025781 0.036111
0 0.464453 0.682639 0.016406 0.037500
0 0.397266 0.442361 0.017969 0.040278
0 0.388672 0.488194 0.025781 0.043056
0 0.357422 0.231944 0.033594 0.036111
0 0.305078 0.103472 0.038281 0.054167
0 0.254687 0.093056 0.032812 0.050000
0 0.221094 0.024306 0.031250 0.043056
0 0.193359 0.064583 0.035156 0.037500
0 0.093359 0.209028 0.019531 0.031944
0 0.210547 0.282639 0.047656 0.084722
0 0.222656 0.461111 0.021875 0.033333
0 0.240234 0.786806 0.016406 0.031944
0 0.165625 0.891667 0.026563 0.044444
0 0.056641 0.773611 0.027344 0.041667
0 0.296484 0.627778 0.030469 0.050000
0 0.293359 0.700000 0.016406 0.044444
0 0.334766 0.540972 0.030469 0.037500
0 0.333594 0.475694 0.018750 0.043056
0 0.320703 0.395139 0.024219 0.048611
0 0.326172 0.306250 0.022656 0.051389
0 0.399609 0.858333 0.016406 0.033333
0 0.331250 0.904861 0.020312 0.040278
0 0.283594 0.879861 0.021875 0.031944
0 0.300781 0.959028 0.017188 0.040278
0 0.458984 0.884722 0.033594 0.036111
0 0.469531 0.944444 0.018750 0.025000
0 0.477344 0.916667 0.015625 0.025000
0 0.455859 0.915972 0.024219 0.026389
