0 0.350781 0.018750 0.034375 0.034722
0 0.116797 0.167361 0.025781 0.037500
0 0.033203 0.311806 0.032031 0.043056
0 0.090234 0.614583 0.021094 0.043056
0 0.026953 0.875000 0.033594 0.061111
0 0.174609 0.619444 0.021094 0.036111
0 0.203125 0.606250 0.026563 0.051389
0 0.194922 0.708333 0.039844 0.052778
0 0.248828 0.703472 0.019531 0.034722
0 0.326172 0.703472 0.021094 0.040278
0 0.255078 0.795833 0.027344 0.025000
0 0.394531 0.850694 0.021875 0.040278
0 0.362891 0.909722 0.030469 0.036111
0 0.382813 0.943750 0.025000 0.031944
0 0.487109 0.914583 0.021094 0.043056
0 0.519141 0.959722 0.019531 0.033333
0 0.511328 0.797917 0.032031 0.034722
0 0.533984 0.714583 0.022656 0.043056
0 0.597266 0.841667 0.016406 0.027778
0 0.512109 0.593750 0.013281 0.029167
0 0.474219 0.519444 0.028125 0.050000
0 0.463281 0.602778 0.021875 0.030556
0 0.400000 0.628472 0.043750 0.059722
0 0.388672 0.496528 0.021094 0.037500
0 0.316797 0.465278 0.033594 0.055556
0 0.308984 0.366667 0.024219 0.033333
0 0.271484 0.350000 0.030469 0.033333
0 0.387500 0.211806 0.021875 0.026389
0 0.490625 0.165972 0.014062 0.029167
0 0.499609 0.193056 0.022656 0.033333
0 0.510156 0.131250 0.021875 0.034722
0 0.554688 0.181250 0.032812 0.045833
0 0.582422 0.216667 0.028906 0.038889
0 0.598047 0.156944 0.028906 0.036111
0 0.633203 0.152083 0.022656 0.043056
0 0.776172 0.104167 0.022656 0.047222
0 0.839063 0.150000 0.046875 0.047222
0 0.739062 0.265972 0.023438 0.037500
0 0.723047 0.345139 0.027344 0.043056
0 0.684766 0.361806 0.017969 0.020833
0 0.656250 0.456250 0.028125 0.034722
0 0.675000 0.514583 0.021875 0.034722
0 0.603906 0.478472 0.025000 0.034722
0 0.589063 0.577083 0.023438 0.015278
0 0.625391 0.692361 0.014844 0.062500
0 0.739062 0.440972 0.018750 0.029167
0 0.827344 0.354861 0.029687 0.045833
0 0.836328 0.406944 0.028906 0.038889
0 0.964453 0.545833 0.035156 0.061111
0 0.968750 0.625694 0.025000 0.043056
0 0.898438 0.618056 0.029687 0.036111
0 0.850781 0.783333 0.017188 0.025000
0 0.871484 0.778472 0.019531 0.026389
0 0.935547 0.815972 0.030469 0.065278
0 0.792578 0.439583 0.021094 0.045833
0 0.744922 0.597917 0.016406 0.037500
0 0.741016 0.653472 0.021094 0.040278
0 0.764063 0.699306 0.015625 0.037500
0 0.752734 0.724306 0.016406 0.034722
0 0.734766 0.747917 0.016406 0.040278
0 0.696094 0.698611 0.020312 0.025000
0 0.685156 0.720833 0.026563 0.030556
0 0.735156 0.814583 0.031250 0.043056
0 0.721875 0.894444 0.021875 0.022222
0 0.691797 0.886806 0.016406 0.037500
