0 0.605859 0.029861 0.021094 0.037500
0 0.539453 0.136111 0.025781 0.038889
0 0.583594 0.138889 0.014062 0.030556
0 0.559375 0.181944 0.028125 0.033333
0 0.585156 0.210417 0.018750 0.034722
0 0.663672 0.204861 0.019531 0.037500
0 0.775781 0.108333 0.017188 0.044444
0 0.840625 0.150694 0.034375 0.056944
0 0.786719 0.234028 0.017188 0.037500
0 0.726953 0.274306 0.024219 0.040278
0 0.748438 0.368056 0.021875 0.038889
0 0.746484 0.430556 0.019531 0.038889
0 0.771875 0.400694 0.015625 0.031944
0 0.824609 0.368750 0.028906 0.045833
0 0.829687 0.413194 0.031250 0.043056
0 0.672266 0.512500 0.019531 0.038889
0 0.735156 0.534722 0.007813 0.019444
0 0.731250 0.555556 0.018750 0.025000
0 0.739453 0.640278 0.021094 0.030556
0 0.754297 0.700694 0.013281 0.029167
0 0.748828 0.750000 0.014844 0.030556
0 0.738672 0.797222 0.019531 0.027778
0 0.778906 0.727778 0.017188 0.044444
0 0.780469 0.764583 0.023438 0.018056
0 0.835547 0.675694 0.022656 0.056944
0 0.831250 0.720833 0.018750 0.027778
0 0.805859 0.714583 0.014844 0.031944
0 0.934766 0.808333 0.027344 0.044444
0 0.632813 0.552083 0.017188 0.031944
0 0.591797 0.547917 0.010156 0.026389
0 0.560547 0.314583 0.016406 0.037500
0 0.402344 0.102083 0.018750 0.026389
0 0.398438 0.218750 0.017188 0.034722
0 0.377734 0.306944 0.019531 0.033333
0 0.322266 0.461806 0.028906 0.048611
0 0.278906 0.345139 0.032812 0.043056
0 0.213281 0.314583 0.025000 0.040278
0 0.123438 0.166667 0.025000 0.027778
0 0.190234 0.408333 0.022656 0.044444
0 0.204297 0.595139 0.032031 0.048611
0 0.208594 0.693750 0.026563 0.048611
0 0.032031 0.855556 0.037500 0.061111
0 0.257422 0.785417 0.025781 0.037500
0 0.403125 0.615972 0.025000 0.045833
0 0.389062 0.654167 0.026563 0.030556
0 0.333203 0.700000 0.024219 0.030556
0 0.371484 0.831250 0.017969 0.029167
0 0.357031 0.878472 0.017188 0.051389
0 0.380469 0.896528 0.015625 0.029167
0 0.411719 0.862500 0.015625 0.036111
0 0.461719 0.659722 0.015625 0.033333
0 0.507031 0.649306 0.020312 0.026389
0 0.510938 0.528472 0.018750 0.043056
0 0.483594 0.497222 0.037500 0.041667
0 0.518750 0.834722 0.028125 0.047222
0 0.492188 0.977083 0.026563 0.045833
0 0.571875 0.968056 0.023438 0.030556
0 0.615234 0.913889 0.021094 0.041667
0 0.575781 0.801389 0.025000 0.055556
0 0.654297 0.811111 0.016406 0.036111
0 0.675781 0.887500 0.012500 0.036111
