0 0.082422 0.242361 0.024219 0.034722
0 0.120312 0.276389 0.029687 0.052778
0 0.191406 0.283333 0.032812 0.050000
0 0.012891 0.765278 0.025781 0.036111
0 0.225781 0.472917 0.023438 0.037500
0 0.220313 0.076389 0.026563 0.058333
0 0.158984 0.042361 0.033594 0.043056
0 0.271484 0.080556 0.035156 0.058333
0 0.414453 0.184722 0.028906 0.055556
0 0.477344 0.086806 0.018750 0.037500
0 0.339453 0.271528 0.021094 0.026389
0 0.434766 0.308333 0.024219 0.050000
0 0.539453 0.340278 0.041406 0.038889
0 0.513672 0.514583 0.030469 0.034722
0 0.658594 0.473611 0.021875 0.041667
0 0.562109 0.609028 0.027344 0.048611
0 0.501562 0.595833 0.025000 0.041667
0 0.460156 0.624306 0.025000 0.043056
0 0.428125 0.489583 0.031250 0.029167
0 0.384766 0.468056 0.024219 0.041667
0 0.344922 0.411806 0.017969 0.031944
0 0.333594 0.437500 0.020312 0.033333
0 0.366406 0.545833 0.018750 0.027778
0 0.335156 0.615278 0.023438 0.038889
0 0.328516 0.702083 0.019531 0.034722
0 0.252344 0.718750 0.026563 0.043056
0 0.212109 0.779861 0.027344 0.054167
0 0.164844 0.861806 0.021875 0.045833
0 0.236719 0.863194 0.021875 0.048611
0 0.310937 0.885417 0.017188 0.031944
0 0.274219 0.972222 0.028125 0.038889
0 0.362109 0.930556 0.016406 0.030556
0 0.389062 0.868056 0.026563 0.041667
0 0.425000 0.902083 0.018750 0.026389
0 0.443750 0.871528 0.023438 0.048611
0 0.464063 0.704167 0.020312 0.041667
0 0.566797 0.739583 0.027344 0.037500
0 0.564844 0.774306 0.028125 0.029167
0 0.616797 0.827083 0.022656 0.034722
0 0.636328 0.881944 0.021094 0.044444
0 0.642578 0.756944 0.027344 0.036111
0 0.710156 0.570833 0.018750 0.050000
0 0.714453 0.638194 0.027344 0.023611
0 0.708203 0.663194 0.022656 0.026389
0 0.798437 0.540278 0.035937 0.052778
0 0.757813 0.733333 0.039063 0.038889
0 0.765234 0.807639 0.030469 0.048611
0 0.798437 0.967361 0.020312 0.034722
0 0.833594 0.364583 0.017188 0.040278
0 0.778516 0.310417 0.044531 0.056944
0 0.663281 0.211806 0.020312 0.037500
0 0.673828 0.081250 0.024219 0.031944
0 0.768750 0.115972 0.026563 0.037500
0 0.745703 0.170139 0.025781 0.037500
