0 0.216406 0.136111 0.017188 0.036111
0 0.265625 0.111806 0.014062 0.034722
0 0.346875 0.105556 0.015625 0.027778
0 0.464453 0.075694 0.016406 0.031944
0 0.464063 0.118056 0.018750 0.027778
0 0.272266 0.272917 0.022656 0.037500
0 0.523047 0.168056 0.022656 0.044444
0 0.496875 0.256250 0.018750 0.037500
0 0.451172 0.295833 0.016406 0.038889
0 0.432813 0.328472 0.020312 0.034722
0 0.442187 0.419444 0.018750 0.030556
0 0.515234 0.300694 0.022656 0.029167
0 0.544531 0.295139 0.017188 0.031944
0 0.535937 0.322222 0.014062 0.019444
0 0.557813 0.330556 0.018750 0.033333
0 0.585156 0.313194 0.021875 0.037500
0 0.723828 0.238889 0.022656 0.044444
0 0.806250 0.246528 0.021875 0.048611
0 0.637500 0.435417 0.018750 0.031944
0 0.683984 0.441667 0.017969 0.036111
0 0.766406 0.449306 0.026563 0.037500
0 0.787891 0.490972 0.025781 0.037500
0 0.960547 0.504167 0.028906 0.052778
0 0.934766 0.708333 0.019531 0.030556
0 0.929297 0.884722 0.017969 0.033333
0 0.867188 0.849306 0.029687 0.065278
0 0.819141 0.721528 0.024219 0.043056
0 0.804688 0.656250 0.018750 0.034722
0 0.785937 0.672222 0.012500 0.030556
0 0.772266 0.652778 0.017969 0.036111
0 0.774219 0.586806 0.017188 0.037500
0 0.746875 0.604861 0.025000 0.031944
0 0.719141 0.593056 0.019531 0.033333
0 0.692187 0.661111 0.015625 0.036111
0 0.712109 0.748611 0.017969 0.038889
0 0.732422 0.809722 0.021094 0.036111
0 0.724219 0.877083 0.020312 0.034722
0 0.676172 0.911111 0.016406 0.038889
0 0.682813 0.793750 0.015625 0.026389
0 0.659766 0.769444 0.025781 0.033333
0 0.641016 0.790972 0.019531 0.037500
0 0.625000 0.677083 0.020312 0.040278
0 0.636719 0.650000 0.018750 0.036111
0 0.591016 0.541667 0.022656 0.038889
0 0.560156 0.579861 0.023438 0.034722
0 0.553516 0.649306 0.017969 0.029167
0 0.543359 0.677778 0.017969 0.027778
0 0.565234 0.742361 0.017969 0.037500
0 0.482031 0.527083 0.015625 0.034722
0 0.491016 0.604167 0.011719 0.033333
0 0.467578 0.584722 0.024219 0.044444
0 0.447266 0.531944 0.017969 0.025000
0 0.420312 0.432639 0.017188 0.023611
0 0.333203 0.429861 0.014844 0.026389
0 0.302344 0.447917 0.025000 0.040278
0 0.249219 0.470139 0.018750 0.023611
0 0.237500 0.505556 0.015625 0.025000
0 0.242578 0.652083 0.030469 0.043056
0 0.234766 0.738194 0.024219 0.045833
0 0.094531 0.863889 0.037500 0.055556
0 0.383203 0.906944 0.027344 0.050000
0 0.403906 0.675694 0.031250 0.043056
0 0.367188 0.647917 0.021875 0.031944
0 0.417188 0.726389 0.020312 0.027778
0 0.335547 0.547917 0.028906 0.051389
0 0.397656 0.522917 0.020312 0.040278
0 0.407813 0.578472 0.017188 0.029167
0 0.498047 0.813194 0.025781 0.043056
0 0.541016 0.858333 0.016406 0.025000
0 0.536328 0.906944 0.032031 0.047222
